matrixBLD
[[ 1.  0.  0.  0.  0.  0.  0.  0.  0.  0.  0.  0.  0.  0.]
 [ 0.  1.  0.  0.  0.  0.  0.  0.  0.  0.  0.  0.  0.  0.]
 [-1.  0.  1.  0.  0.  1.  0.  0.  1.  0.  0.  0.  0.  0.]
 [ 0.  0.  0.  1.  0.  0.  1.  0. -1. -1.  0.  0.  0.  0.]
 [ 0. -1.  0.  0.  1.  0.  0.  1.  0.  1.  0.  0.  0.  0.]
 [ 0.  0. -1.  0.  0.  0.  0.  0.  0.  0.  1.  0.  0.  0.]
 [ 0.  0.  0. -1.  0.  0.  0.  0.  0.  0. -1. -1.  0.  0.]
 [ 0.  0.  0.  0. -1.  0.  0.  0.  0.  0.  0.  1.  0.  0.]
 [ 0.  0.  0.  0.  0. -1.  0.  0.  0.  0.  0.  0.  1.  0.]
 [ 0.  0.  0.  0.  0.  0. -1.  0.  0.  0.  0.  0. -1. -1.]
 [ 0.  0.  0.  0.  0.  0.  0. -1.  0.  0.  0.  0.  0.  1.]]
matrixCapa
[[ 6.  6.  3.  3.  4.  3.  3.  4.  8.  8.  2.  3.  2.  2.]]
matrixWP
[[ 0.01  0.    0.    0.    0.    0.    0.    0.    0.    0.    0.    0.    0.
   0.  ]
 [ 0.    0.02  0.    0.    0.    0.    0.    0.    0.    0.    0.    0.    0.
   0.  ]
 [ 0.4   0.    0.2   0.    0.    0.1   0.    0.    0.3   0.    0.    0.    0.
   0.  ]
 [ 0.    0.    0.    0.2   0.    0.    0.2   0.    0.3   0.3   0.    0.    0.
   0.  ]
 [ 0.    0.4   0.    0.    0.2   0.    0.    0.1   0.    0.3   0.    0.    0.
   0.  ]
 [ 0.    0.    0.3   0.    0.    0.    0.    0.    0.    0.    0.3   0.    0.
   0.  ]
 [ 0.    0.    0.    0.3   0.    0.    0.    0.    0.    0.    0.3   0.3
   0.    0.  ]
 [ 0.    0.    0.    0.    0.3   0.    0.    0.    0.    0.    0.    0.3
   0.    0.  ]
 [ 0.    0.    0.    0.    0.    0.3   0.    0.    0.    0.    0.    0.
   0.3   0.  ]
 [ 0.    0.    0.    0.    0.    0.    0.3   0.    0.    0.    0.    0.
   0.3   0.3 ]
 [ 0.    0.    0.    0.    0.    0.    0.    0.3   0.    0.    0.    0.    0.
   0.3 ]]
matrixIS
[[  0.]
 [  0.]
 [  3.]
 [  9.]
 [  3.]
 [  6.]
 [ 10.]
 [  8.]
 [  4.]
 [ 10.]
 [  8.]]
Number of Locations and Passages:11,14Computing in iteration starts here!

&&&&&&&&&&&&&&&&&&&&Time Step:0&&&&&&&&&&&&&&&&&&&&&&
OK. Well Done!OK. Well Done!OK. Well Done!OK. Well Done!OK. Well Done!OK. Well Done!OK. Well Done!OK. Well Done!OK. Well Done!OK. Well Done!OK. Well Done!OK. Well Done!OK. Well Done!OK. Well Done!MovComp: 
[[ 0.  0.  0.  0.  0.  0.  0.  0.  0.  0.  0.  0.  0.  0.]
 [ 0.  0.  0.  0.  0.  0.  0.  0.  0.  0.  0.  0.  0.  0.]
 [ 2.  0.  0.  0.  0.  0.  0.  0.  1.  0.  0.  0.  0.  0.]
 [ 0.  0.  0.  2.  0.  0.  1.  0.  3.  3.  0.  0.  0.  0.]
 [ 0.  1.  0.  0.  2.  0.  0.  0.  0.  0.  0.  0.  0.  0.]
 [ 0.  0.  1.  0.  0.  0.  0.  0.  0.  0.  1.  0.  0.  0.]
 [ 0.  0.  0.  3.  0.  0.  0.  0.  0.  0.  2.  4.  0.  0.]
 [ 0.  0.  0.  0.  1.  0.  0.  0.  0.  0.  0.  5.  0.  0.]
 [ 0.  0.  0.  0.  0.  0.  0.  0.  0.  0.  0.  0.  2.  0.]
 [ 0.  0.  0.  0.  0.  0.  5.  0.  0.  0.  0.  0.  4.  0.]
 [ 0.  0.  0.  0.  0.  0.  0.  2.  0.  0.  0.  0.  0.  4.]]
MovCompDir: 
[[-0. -0. -0. -0. -0. -0. -0. -0. -0. -0. -0. -0. -0. -0.]
 [-0. -0. -0. -0. -0. -0. -0. -0. -0. -0. -0. -0. -0. -0.]
 [ 2. -0. -0. -0. -0. -0. -0. -0. -1. -0. -0. -0. -0. -0.]
 [-0. -0. -0. -2. -0. -0. -1. -0.  3.  3. -0. -0. -0. -0.]
 [-0.  1. -0. -0. -2. -0. -0. -0. -0. -0. -0. -0. -0. -0.]
 [-0. -0.  1. -0. -0. -0. -0. -0. -0. -0. -1. -0. -0. -0.]
 [-0. -0. -0.  3. -0. -0. -0. -0. -0. -0.  2.  4. -0. -0.]
 [-0. -0. -0. -0.  1. -0. -0. -0. -0. -0. -0. -5. -0. -0.]
 [-0. -0. -0. -0. -0.  0. -0. -0. -0. -0. -0. -0. -2. -0.]
 [-0. -0. -0. -0. -0. -0.  5. -0. -0. -0. -0. -0.  4.  0.]
 [-0. -0. -0. -0. -0. -0. -0.  2. -0. -0. -0. -0. -0. -4.]]
MovCompInter: 
[[ 0.  0.  0.  0.  0.  0.  0.  0.  0.  0.  0.  0.  0.  0.]
 [ 0.  0.  0.  0.  0.  0.  0.  0.  0.  0.  0.  0.  0.  0.]
 [ 2.  0.  0.  0.  0.  0.  0.  0.  0.  0.  0.  0.  0.  0.]
 [ 0.  0.  0.  0.  0.  0.  0.  0.  3.  3.  0.  0.  0.  0.]
 [ 0.  1.  0.  0.  2.  0.  0.  0.  0.  0.  0.  0.  0.  0.]
 [ 0.  0.  1.  0.  0.  0.  0.  0.  0.  0.  0.  0.  0.  0.]
 [ 0.  0.  0.  3.  0.  0.  0.  0.  0.  0.  2.  0.  0.  0.]
 [ 0.  0.  0.  0.  0.  0.  0.  0.  0.  0.  0.  3.  0.  0.]
 [ 0.  0.  0.  0.  0.  0.  0.  0.  0.  0.  0.  0.  0.  0.]
 [ 0.  0.  0.  0.  0.  0.  3.  0.  0.  0.  0.  0.  2.  0.]
 [ 0.  0.  0.  0.  0.  0.  0.  2.  0.  0.  0.  0.  0.  2.]]
Mov[:,t]: 
[ 2.  1.  1.  3. -2.  0.  3.  2.  3.  3.  2. -3.  2. -2.]
MovSource[:,t]: 
[  2.   4.   5.   6.   4.   0.   9.  10.   3.   3.   6.   7.   9.  10.]
Number of evacuees X[t]:[  0.   0.   3.   9.   3.   6.  10.   8.   4.  10.   8.]
Number of evacuees X[t+1]:[ 2.  1.  5.  9.  5.  7.  8.  7.  6.  7.  4.]
number of evacuees61.0

&&&&&&&&&&&&&&&&&&&&Time Step:1&&&&&&&&&&&&&&&&&&&&&&
OK. Well Done!OK. Well Done!OK. Well Done!OK. Well Done!OK. Well Done!OK. Well Done!OK. Well Done!OK. Well Done!OK. Well Done!OK. Well Done!OK. Well Done!OK. Well Done!OK. Well Done!OK. Well Done!MovComp: 
[[ 0.  0.  0.  0.  0.  0.  0.  0.  0.  0.  0.  0.  0.  0.]
 [ 0.  0.  0.  0.  0.  0.  0.  0.  0.  0.  0.  0.  0.  0.]
 [ 4.  0.  0.  0.  0.  0.  0.  0.  0.  0.  0.  0.  0.  0.]
 [ 0.  0.  0.  0.  0.  0.  0.  0.  4.  2.  0.  0.  0.  0.]
 [ 0.  2.  0.  0.  3.  0.  0.  0.  0.  0.  0.  0.  0.  0.]
 [ 0.  0.  0.  0.  0.  0.  0.  0.  0.  0.  0.  0.  0.  0.]
 [ 0.  0.  0.  2.  0.  0.  0.  0.  0.  0.  2.  1.  0.  0.]
 [ 0.  0.  0.  0.  2.  0.  0.  0.  0.  0.  0.  3.  0.  0.]
 [ 0.  0.  0.  0.  0.  0.  0.  0.  0.  0.  0.  0.  0.  0.]
 [ 0.  0.  0.  0.  0.  0.  1.  0.  0.  0.  0.  0.  2.  1.]
 [ 0.  0.  0.  0.  0.  0.  0.  1.  0.  0.  0.  0.  0.  1.]]
MovCompDir: 
[[-0. -0. -0. -0. -0. -0. -0. -0. -0. -0. -0. -0. -0. -0.]
 [-0. -0. -0. -0. -0. -0. -0. -0. -0. -0. -0. -0. -0. -0.]
 [ 4. -0. -0. -0. -0. -0. -0. -0. -0. -0. -0. -0. -0. -0.]
 [-0. -0. -0. -0. -0. -0. -0. -0.  4.  2. -0. -0. -0. -0.]
 [-0.  2. -0. -0. -3. -0. -0. -0. -0. -0. -0. -0. -0. -0.]
 [-0. -0.  0. -0. -0. -0. -0. -0. -0. -0. -0. -0. -0. -0.]
 [-0. -0. -0.  2. -0. -0. -0. -0. -0. -0.  2.  1. -0. -0.]
 [-0. -0. -0. -0.  2. -0. -0. -0. -0. -0. -0. -3. -0. -0.]
 [-0. -0. -0. -0. -0.  0. -0. -0. -0. -0. -0. -0. -0. -0.]
 [-0. -0. -0. -0. -0. -0.  1. -0. -0. -0. -0. -0.  2.  1.]
 [-0. -0. -0. -0. -0. -0. -0.  1. -0. -0. -0. -0. -0. -1.]]
MovCompInter: 
[[ 0.  0.  0.  0.  0.  0.  0.  0.  0.  0.  0.  0.  0.  0.]
 [ 0.  0.  0.  0.  0.  0.  0.  0.  0.  0.  0.  0.  0.  0.]
 [ 4.  0.  0.  0.  0.  0.  0.  0.  0.  0.  0.  0.  0.  0.]
 [ 0.  0.  0.  0.  0.  0.  0.  0.  4.  2.  0.  0.  0.  0.]
 [ 0.  2.  0.  0.  3.  0.  0.  0.  0.  0.  0.  0.  0.  0.]
 [ 0.  0.  0.  0.  0.  0.  0.  0.  0.  0.  0.  0.  0.  0.]
 [ 0.  0.  0.  2.  0.  0.  0.  0.  0.  0.  2.  0.  0.  0.]
 [ 0.  0.  0.  0.  0.  0.  0.  0.  0.  0.  0.  3.  0.  0.]
 [ 0.  0.  0.  0.  0.  0.  0.  0.  0.  0.  0.  0.  0.  0.]
 [ 0.  0.  0.  0.  0.  0.  1.  0.  0.  0.  0.  0.  2.  1.]
 [ 0.  0.  0.  0.  0.  0.  0.  1.  0.  0.  0.  0.  0.  0.]]
Mov[:,t]: 
[ 4.  2.  0.  2. -3.  0.  1.  1.  4.  2.  2. -3.  2.  1.]
MovSource[:,t]: 
[  2.   4.   0.   6.   4.   0.   9.  10.   3.   3.   6.   7.   9.   9.]
Number of evacuees X[t]:[ 2.  1.  5.  9.  5.  7.  8.  7.  6.  7.  4.]
Number of evacuees X[t+1]:[ 6.  3.  5.  6.  3.  9.  7.  7.  8.  3.  4.]
number of evacuees61.0

&&&&&&&&&&&&&&&&&&&&Time Step:2&&&&&&&&&&&&&&&&&&&&&&
OK. Well Done!OK. Well Done!OK. Well Done!OK. Well Done!OK. Well Done!OK. Well Done!OK. Well Done!OK. Well Done!OK. Well Done!OK. Well Done!OK. Well Done!OK. Well Done!OK. Well Done!OK. Well Done!MovComp: 
[[ 0.  0.  0.  0.  0.  0.  0.  0.  0.  0.  0.  0.  0.  0.]
 [ 0.  0.  0.  0.  0.  0.  0.  0.  0.  0.  0.  0.  0.  0.]
 [ 3.  0.  0.  0.  0.  0.  0.  0.  1.  0.  0.  0.  0.  0.]
 [ 0.  0.  0.  0.  0.  0.  0.  0.  3.  3.  0.  0.  0.  0.]
 [ 0.  3.  0.  0.  0.  0.  0.  0.  0.  0.  0.  0.  0.  0.]
 [ 0.  0.  3.  0.  0.  0.  0.  0.  0.  0.  0.  0.  0.  0.]
 [ 0.  0.  0.  4.  0.  0.  0.  0.  0.  0.  1.  0.  0.  0.]
 [ 0.  0.  0.  0.  0.  0.  0.  0.  0.  0.  0.  3.  0.  0.]
 [ 0.  0.  0.  0.  0.  0.  0.  0.  0.  0.  0.  0.  0.  0.]
 [ 0.  0.  0.  0.  0.  0.  0.  0.  0.  0.  0.  0.  1.  1.]
 [ 0.  0.  0.  0.  0.  0.  0.  2.  0.  0.  0.  0.  0.  0.]]
MovCompDir: 
[[-0. -0. -0. -0. -0. -0. -0. -0. -0. -0. -0. -0. -0. -0.]
 [-0. -0. -0. -0. -0. -0. -0. -0. -0. -0. -0. -0. -0. -0.]
 [ 3. -0. -0. -0. -0. -0. -0. -0. -1. -0. -0. -0. -0. -0.]
 [-0. -0. -0. -0. -0. -0. -0. -0.  3.  3. -0. -0. -0. -0.]
 [-0.  3. -0. -0. -0. -0. -0. -0. -0. -0. -0. -0. -0. -0.]
 [-0. -0.  3. -0. -0. -0. -0. -0. -0. -0. -0. -0. -0. -0.]
 [-0. -0. -0.  4. -0. -0. -0. -0. -0. -0.  1.  0. -0. -0.]
 [-0. -0. -0. -0.  0. -0. -0. -0. -0. -0. -0. -3. -0. -0.]
 [-0. -0. -0. -0. -0.  0. -0. -0. -0. -0. -0. -0. -0. -0.]
 [-0. -0. -0. -0. -0. -0.  0. -0. -0. -0. -0. -0.  1.  1.]
 [-0. -0. -0. -0. -0. -0. -0.  2. -0. -0. -0. -0. -0. -0.]]
MovCompInter: 
[[ 0.  0.  0.  0.  0.  0.  0.  0.  0.  0.  0.  0.  0.  0.]
 [ 0.  0.  0.  0.  0.  0.  0.  0.  0.  0.  0.  0.  0.  0.]
 [ 3.  0.  0.  0.  0.  0.  0.  0.  0.  0.  0.  0.  0.  0.]
 [ 0.  0.  0.  0.  0.  0.  0.  0.  3.  3.  0.  0.  0.  0.]
 [ 0.  3.  0.  0.  0.  0.  0.  0.  0.  0.  0.  0.  0.  0.]
 [ 0.  0.  3.  0.  0.  0.  0.  0.  0.  0.  0.  0.  0.  0.]
 [ 0.  0.  0.  3.  0.  0.  0.  0.  0.  0.  1.  0.  0.  0.]
 [ 0.  0.  0.  0.  0.  0.  0.  0.  0.  0.  0.  3.  0.  0.]
 [ 0.  0.  0.  0.  0.  0.  0.  0.  0.  0.  0.  0.  0.  0.]
 [ 0.  0.  0.  0.  0.  0.  0.  0.  0.  0.  0.  0.  1.  1.]
 [ 0.  0.  0.  0.  0.  0.  0.  2.  0.  0.  0.  0.  0.  0.]]
Mov[:,t]: 
[ 3.  3.  3.  3.  0.  0.  0.  2.  3.  3.  1. -3.  1.  1.]
MovSource[:,t]: 
[  2.   4.   5.   6.   0.   0.   0.  10.   3.   3.   6.   7.   9.   9.]
Number of evacuees X[t]:[ 6.  3.  5.  6.  3.  9.  7.  7.  8.  3.  4.]
Number of evacuees X[t+1]:[ 9.  6.  8.  3.  5.  7.  6.  4.  9.  1.  3.]
number of evacuees61.0

&&&&&&&&&&&&&&&&&&&&Time Step:3&&&&&&&&&&&&&&&&&&&&&&
OK. Well Done!OK. Well Done!OK. Well Done!OK. Well Done!OK. Well Done!OK. Well Done!OK. Well Done!OK. Well Done!OK. Well Done!OK. Well Done!OK. Well Done!OK. Well Done!OK. Well Done!OK. Well Done!MovComp: 
[[ 0.  0.  0.  0.  0.  0.  0.  0.  0.  0.  0.  0.  0.  0.]
 [ 0.  0.  0.  0.  0.  0.  0.  0.  0.  0.  0.  0.  0.  0.]
 [ 7.  0.  0.  0.  0.  0.  0.  0.  0.  0.  0.  0.  0.  0.]
 [ 0.  0.  0.  0.  0.  0.  0.  0.  1.  2.  0.  0.  0.  0.]
 [ 0.  4.  0.  0.  1.  0.  0.  0.  0.  0.  0.  0.  0.  0.]
 [ 0.  0.  2.  0.  0.  0.  0.  0.  0.  0.  0.  0.  0.  0.]
 [ 0.  0.  0.  3.  0.  0.  0.  0.  0.  0.  0.  0.  0.  0.]
 [ 0.  0.  0.  0.  1.  0.  0.  0.  0.  0.  0.  1.  0.  0.]
 [ 0.  0.  0.  0.  0.  0.  0.  0.  0.  0.  0.  0.  1.  0.]
 [ 0.  0.  0.  0.  0.  0.  0.  0.  0.  0.  0.  0.  0.  1.]
 [ 0.  0.  0.  0.  0.  0.  0.  0.  0.  0.  0.  0.  0.  0.]]
MovCompDir: 
[[-0. -0. -0. -0. -0. -0. -0. -0. -0. -0. -0. -0. -0. -0.]
 [-0. -0. -0. -0. -0. -0. -0. -0. -0. -0. -0. -0. -0. -0.]
 [ 7. -0. -0. -0. -0. -0. -0. -0. -0. -0. -0. -0. -0. -0.]
 [-0. -0. -0. -0. -0. -0. -0. -0.  1.  2. -0. -0. -0. -0.]
 [-0.  4. -0. -0. -1. -0. -0. -0. -0. -0. -0. -0. -0. -0.]
 [-0. -0.  2. -0. -0. -0. -0. -0. -0. -0. -0. -0. -0. -0.]
 [-0. -0. -0.  3. -0. -0. -0. -0. -0. -0.  0.  0. -0. -0.]
 [-0. -0. -0. -0.  1. -0. -0. -0. -0. -0. -0. -1. -0. -0.]
 [-0. -0. -0. -0. -0.  0. -0. -0. -0. -0. -0. -0. -1. -0.]
 [-0. -0. -0. -0. -0. -0.  0. -0. -0. -0. -0. -0.  0.  1.]
 [-0. -0. -0. -0. -0. -0. -0.  0. -0. -0. -0. -0. -0. -0.]]
MovCompInter: 
[[ 0.  0.  0.  0.  0.  0.  0.  0.  0.  0.  0.  0.  0.  0.]
 [ 0.  0.  0.  0.  0.  0.  0.  0.  0.  0.  0.  0.  0.  0.]
 [ 6.  0.  0.  0.  0.  0.  0.  0.  0.  0.  0.  0.  0.  0.]
 [ 0.  0.  0.  0.  0.  0.  0.  0.  1.  2.  0.  0.  0.  0.]
 [ 0.  4.  0.  0.  1.  0.  0.  0.  0.  0.  0.  0.  0.  0.]
 [ 0.  0.  2.  0.  0.  0.  0.  0.  0.  0.  0.  0.  0.  0.]
 [ 0.  0.  0.  3.  0.  0.  0.  0.  0.  0.  0.  0.  0.  0.]
 [ 0.  0.  0.  0.  0.  0.  0.  0.  0.  0.  0.  1.  0.  0.]
 [ 0.  0.  0.  0.  0.  0.  0.  0.  0.  0.  0.  0.  1.  0.]
 [ 0.  0.  0.  0.  0.  0.  0.  0.  0.  0.  0.  0.  0.  1.]
 [ 0.  0.  0.  0.  0.  0.  0.  0.  0.  0.  0.  0.  0.  0.]]
Mov[:,t]: 
[ 6.  4.  2.  3. -1.  0.  0.  0.  1.  2.  0. -1. -1.  1.]
MovSource[:,t]: 
[ 2.  4.  5.  6.  4.  0.  0.  0.  3.  3.  0.  7.  8.  9.]
Number of evacuees X[t]:[ 9.  6.  8.  3.  5.  7.  6.  4.  9.  1.  3.]
Number of evacuees X[t+1]:[ 15.  10.   5.   3.   2.   5.   4.   4.   8.   1.   4.]
number of evacuees61.0

&&&&&&&&&&&&&&&&&&&&Time Step:4&&&&&&&&&&&&&&&&&&&&&&
OK. Well Done!OK. Well Done!OK. Well Done!OK. Well Done!OK. Well Done!OK. Well Done!OK. Well Done!OK. Well Done!OK. Well Done!OK. Well Done!OK. Well Done!OK. Well Done!OK. Well Done!OK. Well Done!MovComp: 
[[ 0.  0.  0.  0.  0.  0.  0.  0.  0.  0.  0.  0.  0.  0.]
 [ 0.  0.  0.  0.  0.  0.  0.  0.  0.  0.  0.  0.  0.  0.]
 [ 3.  0.  0.  0.  0.  0.  0.  0.  0.  0.  0.  0.  0.  0.]
 [ 0.  0.  0.  0.  0.  0.  0.  0.  1.  1.  0.  0.  0.  0.]
 [ 0.  1.  0.  0.  1.  0.  0.  0.  0.  0.  0.  0.  0.  0.]
 [ 0.  0.  1.  0.  0.  0.  0.  0.  0.  0.  0.  0.  0.  0.]
 [ 0.  0.  0.  3.  0.  0.  0.  0.  0.  0.  1.  0.  0.  0.]
 [ 0.  0.  0.  0.  0.  0.  0.  0.  0.  0.  0.  0.  0.  0.]
 [ 0.  0.  0.  0.  0.  0.  0.  0.  0.  0.  0.  0.  0.  0.]
 [ 0.  0.  0.  0.  0.  0.  1.  0.  0.  0.  0.  0.  0.  0.]
 [ 0.  0.  0.  0.  0.  0.  0.  0.  0.  0.  0.  0.  0.  0.]]
MovCompDir: 
[[-0. -0. -0. -0. -0. -0. -0. -0. -0. -0. -0. -0. -0. -0.]
 [-0. -0. -0. -0. -0. -0. -0. -0. -0. -0. -0. -0. -0. -0.]
 [ 3. -0. -0. -0. -0. -0. -0. -0. -0. -0. -0. -0. -0. -0.]
 [-0. -0. -0. -0. -0. -0. -0. -0.  1.  1. -0. -0. -0. -0.]
 [-0.  1. -0. -0. -1. -0. -0. -0. -0. -0. -0. -0. -0. -0.]
 [-0. -0.  1. -0. -0. -0. -0. -0. -0. -0. -0. -0. -0. -0.]
 [-0. -0. -0.  3. -0. -0. -0. -0. -0. -0.  1.  0. -0. -0.]
 [-0. -0. -0. -0.  0. -0. -0. -0. -0. -0. -0. -0. -0. -0.]
 [-0. -0. -0. -0. -0.  0. -0. -0. -0. -0. -0. -0. -0. -0.]
 [-0. -0. -0. -0. -0. -0.  1. -0. -0. -0. -0. -0.  0.  0.]
 [-0. -0. -0. -0. -0. -0. -0.  0. -0. -0. -0. -0. -0. -0.]]
MovCompInter: 
[[ 0.  0.  0.  0.  0.  0.  0.  0.  0.  0.  0.  0.  0.  0.]
 [ 0.  0.  0.  0.  0.  0.  0.  0.  0.  0.  0.  0.  0.  0.]
 [ 3.  0.  0.  0.  0.  0.  0.  0.  0.  0.  0.  0.  0.  0.]
 [ 0.  0.  0.  0.  0.  0.  0.  0.  1.  1.  0.  0.  0.  0.]
 [ 0.  1.  0.  0.  1.  0.  0.  0.  0.  0.  0.  0.  0.  0.]
 [ 0.  0.  1.  0.  0.  0.  0.  0.  0.  0.  0.  0.  0.  0.]
 [ 0.  0.  0.  3.  0.  0.  0.  0.  0.  0.  1.  0.  0.  0.]
 [ 0.  0.  0.  0.  0.  0.  0.  0.  0.  0.  0.  0.  0.  0.]
 [ 0.  0.  0.  0.  0.  0.  0.  0.  0.  0.  0.  0.  0.  0.]
 [ 0.  0.  0.  0.  0.  0.  1.  0.  0.  0.  0.  0.  0.  0.]
 [ 0.  0.  0.  0.  0.  0.  0.  0.  0.  0.  0.  0.  0.  0.]]
Mov[:,t]: 
[ 3.  1.  1.  3. -1.  0.  1.  0.  1.  1.  1.  0.  0.  0.]
MovSource[:,t]: 
[ 2.  4.  5.  6.  4.  0.  9.  0.  3.  3.  6.  0.  0.  0.]
Number of evacuees X[t]:[ 15.  10.   5.   3.   2.   5.   4.   4.   8.   1.   4.]
Number of evacuees X[t+1]:[ 18.  11.   4.   5.   1.   5.   0.   5.   8.   0.   4.]
number of evacuees61.0

&&&&&&&&&&&&&&&&&&&&Time Step:5&&&&&&&&&&&&&&&&&&&&&&
OK. Well Done!OK. Well Done!OK. Well Done!OK. Well Done!OK. Well Done!OK. Well Done!OK. Well Done!OK. Well Done!OK. Well Done!OK. Well Done!OK. Well Done!OK. Well Done!OK. Well Done!OK. Well Done!MovComp: 
[[ 0.  0.  0.  0.  0.  0.  0.  0.  0.  0.  0.  0.  0.  0.]
 [ 0.  0.  0.  0.  0.  0.  0.  0.  0.  0.  0.  0.  0.  0.]
 [ 1.  0.  0.  0.  0.  0.  0.  0.  0.  0.  0.  0.  0.  0.]
 [ 0.  0.  0.  0.  0.  0.  0.  0.  3.  1.  0.  0.  0.  0.]
 [ 0.  1.  0.  0.  0.  0.  0.  0.  0.  0.  0.  0.  0.  0.]
 [ 0.  0.  3.  0.  0.  0.  0.  0.  0.  0.  0.  0.  0.  0.]
 [ 0.  0.  0.  0.  0.  0.  0.  0.  0.  0.  0.  0.  0.  0.]
 [ 0.  0.  0.  0.  0.  0.  0.  0.  0.  0.  0.  1.  0.  0.]
 [ 0.  0.  0.  0.  0.  0.  0.  0.  0.  0.  0.  0.  1.  0.]
 [ 0.  0.  0.  0.  0.  0.  0.  0.  0.  0.  0.  0.  0.  0.]
 [ 0.  0.  0.  0.  0.  0.  0.  1.  0.  0.  0.  0.  0.  0.]]
MovCompDir: 
[[-0. -0. -0. -0. -0. -0. -0. -0. -0. -0. -0. -0. -0. -0.]
 [-0. -0. -0. -0. -0. -0. -0. -0. -0. -0. -0. -0. -0. -0.]
 [ 1. -0. -0. -0. -0. -0. -0. -0. -0. -0. -0. -0. -0. -0.]
 [-0. -0. -0. -0. -0. -0. -0. -0.  3.  1. -0. -0. -0. -0.]
 [-0.  1. -0. -0. -0. -0. -0. -0. -0. -0. -0. -0. -0. -0.]
 [-0. -0.  3. -0. -0. -0. -0. -0. -0. -0. -0. -0. -0. -0.]
 [-0. -0. -0.  0. -0. -0. -0. -0. -0. -0.  0.  0. -0. -0.]
 [-0. -0. -0. -0.  0. -0. -0. -0. -0. -0. -0. -1. -0. -0.]
 [-0. -0. -0. -0. -0.  0. -0. -0. -0. -0. -0. -0. -1. -0.]
 [-0. -0. -0. -0. -0. -0.  0. -0. -0. -0. -0. -0.  0.  0.]
 [-0. -0. -0. -0. -0. -0. -0.  1. -0. -0. -0. -0. -0. -0.]]
MovCompInter: 
[[ 0.  0.  0.  0.  0.  0.  0.  0.  0.  0.  0.  0.  0.  0.]
 [ 0.  0.  0.  0.  0.  0.  0.  0.  0.  0.  0.  0.  0.  0.]
 [ 1.  0.  0.  0.  0.  0.  0.  0.  0.  0.  0.  0.  0.  0.]
 [ 0.  0.  0.  0.  0.  0.  0.  0.  3.  1.  0.  0.  0.  0.]
 [ 0.  1.  0.  0.  0.  0.  0.  0.  0.  0.  0.  0.  0.  0.]
 [ 0.  0.  3.  0.  0.  0.  0.  0.  0.  0.  0.  0.  0.  0.]
 [ 0.  0.  0.  0.  0.  0.  0.  0.  0.  0.  0.  0.  0.  0.]
 [ 0.  0.  0.  0.  0.  0.  0.  0.  0.  0.  0.  1.  0.  0.]
 [ 0.  0.  0.  0.  0.  0.  0.  0.  0.  0.  0.  0.  1.  0.]
 [ 0.  0.  0.  0.  0.  0.  0.  0.  0.  0.  0.  0.  0.  0.]
 [ 0.  0.  0.  0.  0.  0.  0.  1.  0.  0.  0.  0.  0.  0.]]
Mov[:,t]: 
[ 1.  1.  3.  0.  0.  0.  0.  1.  3.  1.  0. -1. -1.  0.]
MovSource[:,t]: 
[  2.   4.   5.   0.   0.   0.   0.  10.   3.   3.   0.   7.   8.   0.]
Number of evacuees X[t]:[ 18.  11.   4.   5.   1.   5.   0.   5.   8.   0.   4.]
Number of evacuees X[t+1]:[ 19.  12.   9.   1.   2.   2.   1.   4.   7.   1.   3.]
number of evacuees61.0

&&&&&&&&&&&&&&&&&&&&Time Step:6&&&&&&&&&&&&&&&&&&&&&&
OK. Well Done!OK. Well Done!OK. Well Done!OK. Well Done!OK. Well Done!OK. Well Done!OK. Well Done!OK. Well Done!OK. Well Done!OK. Well Done!OK. Well Done!OK. Well Done!OK. Well Done!OK. Well Done!MovComp: 
[[ 0.  0.  0.  0.  0.  0.  0.  0.  0.  0.  0.  0.  0.  0.]
 [ 0.  0.  0.  0.  0.  0.  0.  0.  0.  0.  0.  0.  0.  0.]
 [ 3.  0.  0.  0.  0.  0.  0.  0.  0.  0.  0.  0.  0.  0.]
 [ 0.  0.  0.  0.  0.  0.  0.  0.  1.  0.  0.  0.  0.  0.]
 [ 0.  2.  0.  0.  0.  0.  0.  0.  0.  0.  0.  0.  0.  0.]
 [ 0.  0.  2.  0.  0.  0.  0.  0.  0.  0.  0.  0.  0.  0.]
 [ 0.  0.  0.  0.  0.  0.  0.  0.  0.  0.  1.  0.  0.  0.]
 [ 0.  0.  0.  0.  0.  0.  0.  0.  0.  0.  0.  1.  0.  0.]
 [ 0.  0.  0.  0.  0.  0.  0.  0.  0.  0.  0.  0.  0.  0.]
 [ 0.  0.  0.  0.  0.  0.  1.  0.  0.  0.  0.  0.  0.  0.]
 [ 0.  0.  0.  0.  0.  0.  0.  0.  0.  0.  0.  0.  0.  0.]]
MovCompDir: 
[[-0. -0. -0. -0. -0. -0. -0. -0. -0. -0. -0. -0. -0. -0.]
 [-0. -0. -0. -0. -0. -0. -0. -0. -0. -0. -0. -0. -0. -0.]
 [ 3. -0. -0. -0. -0. -0. -0. -0. -0. -0. -0. -0. -0. -0.]
 [-0. -0. -0. -0. -0. -0. -0. -0.  1.  0. -0. -0. -0. -0.]
 [-0.  2. -0. -0. -0. -0. -0. -0. -0. -0. -0. -0. -0. -0.]
 [-0. -0.  2. -0. -0. -0. -0. -0. -0. -0. -0. -0. -0. -0.]
 [-0. -0. -0.  0. -0. -0. -0. -0. -0. -0.  1.  0. -0. -0.]
 [-0. -0. -0. -0.  0. -0. -0. -0. -0. -0. -0. -1. -0. -0.]
 [-0. -0. -0. -0. -0.  0. -0. -0. -0. -0. -0. -0. -0. -0.]
 [-0. -0. -0. -0. -0. -0.  1. -0. -0. -0. -0. -0.  0.  0.]
 [-0. -0. -0. -0. -0. -0. -0.  0. -0. -0. -0. -0. -0. -0.]]
MovCompInter: 
[[ 0.  0.  0.  0.  0.  0.  0.  0.  0.  0.  0.  0.  0.  0.]
 [ 0.  0.  0.  0.  0.  0.  0.  0.  0.  0.  0.  0.  0.  0.]
 [ 3.  0.  0.  0.  0.  0.  0.  0.  0.  0.  0.  0.  0.  0.]
 [ 0.  0.  0.  0.  0.  0.  0.  0.  1.  0.  0.  0.  0.  0.]
 [ 0.  2.  0.  0.  0.  0.  0.  0.  0.  0.  0.  0.  0.  0.]
 [ 0.  0.  2.  0.  0.  0.  0.  0.  0.  0.  0.  0.  0.  0.]
 [ 0.  0.  0.  0.  0.  0.  0.  0.  0.  0.  1.  0.  0.  0.]
 [ 0.  0.  0.  0.  0.  0.  0.  0.  0.  0.  0.  1.  0.  0.]
 [ 0.  0.  0.  0.  0.  0.  0.  0.  0.  0.  0.  0.  0.  0.]
 [ 0.  0.  0.  0.  0.  0.  1.  0.  0.  0.  0.  0.  0.  0.]
 [ 0.  0.  0.  0.  0.  0.  0.  0.  0.  0.  0.  0.  0.  0.]]
Mov[:,t]: 
[ 3.  2.  2.  0.  0.  0.  1.  0.  1.  0.  1. -1.  0.  0.]
MovSource[:,t]: 
[ 2.  4.  5.  0.  0.  0.  9.  0.  3.  0.  6.  7.  0.  0.]
Number of evacuees X[t]:[ 19.  12.   9.   1.   2.   2.   1.   4.   7.   1.   3.]
Number of evacuees X[t+1]:[ 22.  14.   9.   1.   0.   1.   1.   3.   7.   0.   3.]
number of evacuees61.0

&&&&&&&&&&&&&&&&&&&&Time Step:7&&&&&&&&&&&&&&&&&&&&&&
OK. Well Done!OK. Well Done!OK. Well Done!OK. Well Done!OK. Well Done!OK. Well Done!OK. Well Done!OK. Well Done!OK. Well Done!OK. Well Done!OK. Well Done!OK. Well Done!OK. Well Done!OK. Well Done!MovComp: 
[[ 0.  0.  0.  0.  0.  0.  0.  0.  0.  0.  0.  0.  0.  0.]
 [ 0.  0.  0.  0.  0.  0.  0.  0.  0.  0.  0.  0.  0.  0.]
 [ 7.  0.  0.  0.  0.  0.  0.  0.  0.  0.  0.  0.  0.  0.]
 [ 0.  0.  0.  0.  0.  0.  0.  0.  1.  0.  0.  0.  0.  0.]
 [ 0.  0.  0.  0.  0.  0.  0.  0.  0.  0.  0.  0.  0.  0.]
 [ 0.  0.  1.  0.  0.  0.  0.  0.  0.  0.  0.  0.  0.  0.]
 [ 0.  0.  0.  0.  0.  0.  0.  0.  0.  0.  1.  0.  0.  0.]
 [ 0.  0.  0.  0.  0.  0.  0.  0.  0.  0.  0.  0.  0.  0.]
 [ 0.  0.  0.  0.  0.  0.  0.  0.  0.  0.  0.  0.  0.  0.]
 [ 0.  0.  0.  0.  0.  0.  0.  0.  0.  0.  0.  0.  0.  0.]
 [ 0.  0.  0.  0.  0.  0.  0.  0.  0.  0.  0.  0.  0.  0.]]
MovCompDir: 
[[-0. -0. -0. -0. -0. -0. -0. -0. -0. -0. -0. -0. -0. -0.]
 [-0. -0. -0. -0. -0. -0. -0. -0. -0. -0. -0. -0. -0. -0.]
 [ 7. -0. -0. -0. -0. -0. -0. -0. -0. -0. -0. -0. -0. -0.]
 [-0. -0. -0. -0. -0. -0. -0. -0.  1.  0. -0. -0. -0. -0.]
 [-0.  0. -0. -0. -0. -0. -0. -0. -0. -0. -0. -0. -0. -0.]
 [-0. -0.  1. -0. -0. -0. -0. -0. -0. -0. -0. -0. -0. -0.]
 [-0. -0. -0.  0. -0. -0. -0. -0. -0. -0.  1.  0. -0. -0.]
 [-0. -0. -0. -0.  0. -0. -0. -0. -0. -0. -0. -0. -0. -0.]
 [-0. -0. -0. -0. -0.  0. -0. -0. -0. -0. -0. -0. -0. -0.]
 [-0. -0. -0. -0. -0. -0.  0. -0. -0. -0. -0. -0.  0.  0.]
 [-0. -0. -0. -0. -0. -0. -0.  0. -0. -0. -0. -0. -0. -0.]]
MovCompInter: 
[[ 0.  0.  0.  0.  0.  0.  0.  0.  0.  0.  0.  0.  0.  0.]
 [ 0.  0.  0.  0.  0.  0.  0.  0.  0.  0.  0.  0.  0.  0.]
 [ 6.  0.  0.  0.  0.  0.  0.  0.  0.  0.  0.  0.  0.  0.]
 [ 0.  0.  0.  0.  0.  0.  0.  0.  1.  0.  0.  0.  0.  0.]
 [ 0.  0.  0.  0.  0.  0.  0.  0.  0.  0.  0.  0.  0.  0.]
 [ 0.  0.  1.  0.  0.  0.  0.  0.  0.  0.  0.  0.  0.  0.]
 [ 0.  0.  0.  0.  0.  0.  0.  0.  0.  0.  1.  0.  0.  0.]
 [ 0.  0.  0.  0.  0.  0.  0.  0.  0.  0.  0.  0.  0.  0.]
 [ 0.  0.  0.  0.  0.  0.  0.  0.  0.  0.  0.  0.  0.  0.]
 [ 0.  0.  0.  0.  0.  0.  0.  0.  0.  0.  0.  0.  0.  0.]
 [ 0.  0.  0.  0.  0.  0.  0.  0.  0.  0.  0.  0.  0.  0.]]
Mov[:,t]: 
[ 6.  0.  1.  0.  0.  0.  0.  0.  1.  0.  1.  0.  0.  0.]
MovSource[:,t]: 
[ 2.  0.  5.  0.  0.  0.  0.  0.  3.  0.  6.  0.  0.  0.]
Number of evacuees X[t]:[ 22.  14.   9.   1.   0.   1.   1.   3.   7.   0.   3.]
Number of evacuees X[t+1]:[ 28.  14.   5.   0.   0.   1.   0.   3.   7.   0.   3.]
number of evacuees61.0

&&&&&&&&&&&&&&&&&&&&Time Step:8&&&&&&&&&&&&&&&&&&&&&&
OK. Well Done!OK. Well Done!OK. Well Done!OK. Well Done!OK. Well Done!OK. Well Done!OK. Well Done!OK. Well Done!OK. Well Done!OK. Well Done!OK. Well Done!OK. Well Done!OK. Well Done!OK. Well Done!MovComp: 
[[ 0.  0.  0.  0.  0.  0.  0.  0.  0.  0.  0.  0.  0.  0.]
 [ 0.  0.  0.  0.  0.  0.  0.  0.  0.  0.  0.  0.  0.  0.]
 [ 4.  0.  0.  0.  0.  0.  0.  0.  0.  0.  0.  0.  0.  0.]
 [ 0.  0.  0.  0.  0.  0.  0.  0.  0.  0.  0.  0.  0.  0.]
 [ 0.  0.  0.  0.  0.  0.  0.  0.  0.  0.  0.  0.  0.  0.]
 [ 0.  0.  1.  0.  0.  0.  0.  0.  0.  0.  0.  0.  0.  0.]
 [ 0.  0.  0.  0.  0.  0.  0.  0.  0.  0.  0.  0.  0.  0.]
 [ 0.  0.  0.  0.  0.  0.  0.  0.  0.  0.  0.  0.  0.  0.]
 [ 0.  0.  0.  0.  0.  0.  0.  0.  0.  0.  0.  0.  0.  0.]
 [ 0.  0.  0.  0.  0.  0.  0.  0.  0.  0.  0.  0.  0.  0.]
 [ 0.  0.  0.  0.  0.  0.  0.  0.  0.  0.  0.  0.  0.  0.]]
MovCompDir: 
[[-0. -0. -0. -0. -0. -0. -0. -0. -0. -0. -0. -0. -0. -0.]
 [-0. -0. -0. -0. -0. -0. -0. -0. -0. -0. -0. -0. -0. -0.]
 [ 4. -0. -0. -0. -0. -0. -0. -0. -0. -0. -0. -0. -0. -0.]
 [-0. -0. -0. -0. -0. -0. -0. -0.  0.  0. -0. -0. -0. -0.]
 [-0.  0. -0. -0. -0. -0. -0. -0. -0. -0. -0. -0. -0. -0.]
 [-0. -0.  1. -0. -0. -0. -0. -0. -0. -0. -0. -0. -0. -0.]
 [-0. -0. -0.  0. -0. -0. -0. -0. -0. -0.  0.  0. -0. -0.]
 [-0. -0. -0. -0.  0. -0. -0. -0. -0. -0. -0. -0. -0. -0.]
 [-0. -0. -0. -0. -0.  0. -0. -0. -0. -0. -0. -0. -0. -0.]
 [-0. -0. -0. -0. -0. -0.  0. -0. -0. -0. -0. -0.  0.  0.]
 [-0. -0. -0. -0. -0. -0. -0.  0. -0. -0. -0. -0. -0. -0.]]
MovCompInter: 
[[ 0.  0.  0.  0.  0.  0.  0.  0.  0.  0.  0.  0.  0.  0.]
 [ 0.  0.  0.  0.  0.  0.  0.  0.  0.  0.  0.  0.  0.  0.]
 [ 4.  0.  0.  0.  0.  0.  0.  0.  0.  0.  0.  0.  0.  0.]
 [ 0.  0.  0.  0.  0.  0.  0.  0.  0.  0.  0.  0.  0.  0.]
 [ 0.  0.  0.  0.  0.  0.  0.  0.  0.  0.  0.  0.  0.  0.]
 [ 0.  0.  1.  0.  0.  0.  0.  0.  0.  0.  0.  0.  0.  0.]
 [ 0.  0.  0.  0.  0.  0.  0.  0.  0.  0.  0.  0.  0.  0.]
 [ 0.  0.  0.  0.  0.  0.  0.  0.  0.  0.  0.  0.  0.  0.]
 [ 0.  0.  0.  0.  0.  0.  0.  0.  0.  0.  0.  0.  0.  0.]
 [ 0.  0.  0.  0.  0.  0.  0.  0.  0.  0.  0.  0.  0.  0.]
 [ 0.  0.  0.  0.  0.  0.  0.  0.  0.  0.  0.  0.  0.  0.]]
Mov[:,t]: 
[ 4.  0.  1.  0.  0.  0.  0.  0.  0.  0.  0.  0.  0.  0.]
MovSource[:,t]: 
[ 2.  0.  5.  0.  0.  0.  0.  0.  0.  0.  0.  0.  0.  0.]
Number of evacuees X[t]:[ 28.  14.   5.   0.   0.   1.   0.   3.   7.   0.   3.]
Number of evacuees X[t+1]:[ 32.  14.   2.   0.   0.   0.   0.   3.   7.   0.   3.]
number of evacuees61.0

&&&&&&&&&&&&&&&&&&&&Time Step:9&&&&&&&&&&&&&&&&&&&&&&
OK. Well Done!OK. Well Done!OK. Well Done!OK. Well Done!OK. Well Done!OK. Well Done!OK. Well Done!OK. Well Done!OK. Well Done!OK. Well Done!OK. Well Done!OK. Well Done!OK. Well Done!OK. Well Done!MovComp: 
[[ 0.  0.  0.  0.  0.  0.  0.  0.  0.  0.  0.  0.  0.  0.]
 [ 0.  0.  0.  0.  0.  0.  0.  0.  0.  0.  0.  0.  0.  0.]
 [ 1.  0.  0.  0.  0.  0.  0.  0.  0.  0.  0.  0.  0.  0.]
 [ 0.  0.  0.  0.  0.  0.  0.  0.  0.  0.  0.  0.  0.  0.]
 [ 0.  0.  0.  0.  0.  0.  0.  0.  0.  0.  0.  0.  0.  0.]
 [ 0.  0.  0.  0.  0.  0.  0.  0.  0.  0.  0.  0.  0.  0.]
 [ 0.  0.  0.  0.  0.  0.  0.  0.  0.  0.  0.  0.  0.  0.]
 [ 0.  0.  0.  0.  0.  0.  0.  0.  0.  0.  0.  0.  0.  0.]
 [ 0.  0.  0.  0.  0.  0.  0.  0.  0.  0.  0.  0.  0.  0.]
 [ 0.  0.  0.  0.  0.  0.  0.  0.  0.  0.  0.  0.  0.  0.]
 [ 0.  0.  0.  0.  0.  0.  0.  0.  0.  0.  0.  0.  0.  0.]]
MovCompDir: 
[[-0. -0. -0. -0. -0. -0. -0. -0. -0. -0. -0. -0. -0. -0.]
 [-0. -0. -0. -0. -0. -0. -0. -0. -0. -0. -0. -0. -0. -0.]
 [ 1. -0. -0. -0. -0. -0. -0. -0. -0. -0. -0. -0. -0. -0.]
 [-0. -0. -0. -0. -0. -0. -0. -0.  0.  0. -0. -0. -0. -0.]
 [-0.  0. -0. -0. -0. -0. -0. -0. -0. -0. -0. -0. -0. -0.]
 [-0. -0.  0. -0. -0. -0. -0. -0. -0. -0. -0. -0. -0. -0.]
 [-0. -0. -0.  0. -0. -0. -0. -0. -0. -0.  0.  0. -0. -0.]
 [-0. -0. -0. -0.  0. -0. -0. -0. -0. -0. -0. -0. -0. -0.]
 [-0. -0. -0. -0. -0.  0. -0. -0. -0. -0. -0. -0. -0. -0.]
 [-0. -0. -0. -0. -0. -0.  0. -0. -0. -0. -0. -0.  0.  0.]
 [-0. -0. -0. -0. -0. -0. -0.  0. -0. -0. -0. -0. -0. -0.]]
MovCompInter: 
[[ 0.  0.  0.  0.  0.  0.  0.  0.  0.  0.  0.  0.  0.  0.]
 [ 0.  0.  0.  0.  0.  0.  0.  0.  0.  0.  0.  0.  0.  0.]
 [ 1.  0.  0.  0.  0.  0.  0.  0.  0.  0.  0.  0.  0.  0.]
 [ 0.  0.  0.  0.  0.  0.  0.  0.  0.  0.  0.  0.  0.  0.]
 [ 0.  0.  0.  0.  0.  0.  0.  0.  0.  0.  0.  0.  0.  0.]
 [ 0.  0.  0.  0.  0.  0.  0.  0.  0.  0.  0.  0.  0.  0.]
 [ 0.  0.  0.  0.  0.  0.  0.  0.  0.  0.  0.  0.  0.  0.]
 [ 0.  0.  0.  0.  0.  0.  0.  0.  0.  0.  0.  0.  0.  0.]
 [ 0.  0.  0.  0.  0.  0.  0.  0.  0.  0.  0.  0.  0.  0.]
 [ 0.  0.  0.  0.  0.  0.  0.  0.  0.  0.  0.  0.  0.  0.]
 [ 0.  0.  0.  0.  0.  0.  0.  0.  0.  0.  0.  0.  0.  0.]]
Mov[:,t]: 
[ 1.  0.  0.  0.  0.  0.  0.  0.  0.  0.  0.  0.  0.  0.]
MovSource[:,t]: 
[ 2.  0.  0.  0.  0.  0.  0.  0.  0.  0.  0.  0.  0.  0.]
Number of evacuees X[t]:[ 32.  14.   2.   0.   0.   0.   0.   3.   7.   0.   3.]
Number of evacuees X[t+1]:[ 33.  14.   1.   0.   0.   0.   0.   3.   7.   0.   3.]
number of evacuees61.0

&&&&&&&&&&&&&&&&&&&&Time Step:10&&&&&&&&&&&&&&&&&&&&&&
OK. Well Done!OK. Well Done!OK. Well Done!OK. Well Done!OK. Well Done!OK. Well Done!OK. Well Done!OK. Well Done!OK. Well Done!OK. Well Done!OK. Well Done!OK. Well Done!OK. Well Done!OK. Well Done!MovComp: 
[[ 0.  0.  0.  0.  0.  0.  0.  0.  0.  0.  0.  0.  0.  0.]
 [ 0.  0.  0.  0.  0.  0.  0.  0.  0.  0.  0.  0.  0.  0.]
 [ 0.  0.  0.  0.  0.  0.  0.  0.  0.  0.  0.  0.  0.  0.]
 [ 0.  0.  0.  0.  0.  0.  0.  0.  0.  0.  0.  0.  0.  0.]
 [ 0.  0.  0.  0.  0.  0.  0.  0.  0.  0.  0.  0.  0.  0.]
 [ 0.  0.  0.  0.  0.  0.  0.  0.  0.  0.  0.  0.  0.  0.]
 [ 0.  0.  0.  0.  0.  0.  0.  0.  0.  0.  0.  0.  0.  0.]
 [ 0.  0.  0.  0.  0.  0.  0.  0.  0.  0.  0.  0.  0.  0.]
 [ 0.  0.  0.  0.  0.  0.  0.  0.  0.  0.  0.  0.  0.  0.]
 [ 0.  0.  0.  0.  0.  0.  0.  0.  0.  0.  0.  0.  0.  0.]
 [ 0.  0.  0.  0.  0.  0.  0.  0.  0.  0.  0.  0.  0.  0.]]
MovCompDir: 
[[-0. -0. -0. -0. -0. -0. -0. -0. -0. -0. -0. -0. -0. -0.]
 [-0. -0. -0. -0. -0. -0. -0. -0. -0. -0. -0. -0. -0. -0.]
 [ 0. -0. -0. -0. -0. -0. -0. -0. -0. -0. -0. -0. -0. -0.]
 [-0. -0. -0. -0. -0. -0. -0. -0.  0.  0. -0. -0. -0. -0.]
 [-0.  0. -0. -0. -0. -0. -0. -0. -0. -0. -0. -0. -0. -0.]
 [-0. -0.  0. -0. -0. -0. -0. -0. -0. -0. -0. -0. -0. -0.]
 [-0. -0. -0.  0. -0. -0. -0. -0. -0. -0.  0.  0. -0. -0.]
 [-0. -0. -0. -0.  0. -0. -0. -0. -0. -0. -0. -0. -0. -0.]
 [-0. -0. -0. -0. -0.  0. -0. -0. -0. -0. -0. -0. -0. -0.]
 [-0. -0. -0. -0. -0. -0.  0. -0. -0. -0. -0. -0.  0.  0.]
 [-0. -0. -0. -0. -0. -0. -0.  0. -0. -0. -0. -0. -0. -0.]]
MovCompInter: 
[[ 0.  0.  0.  0.  0.  0.  0.  0.  0.  0.  0.  0.  0.  0.]
 [ 0.  0.  0.  0.  0.  0.  0.  0.  0.  0.  0.  0.  0.  0.]
 [ 0.  0.  0.  0.  0.  0.  0.  0.  0.  0.  0.  0.  0.  0.]
 [ 0.  0.  0.  0.  0.  0.  0.  0.  0.  0.  0.  0.  0.  0.]
 [ 0.  0.  0.  0.  0.  0.  0.  0.  0.  0.  0.  0.  0.  0.]
 [ 0.  0.  0.  0.  0.  0.  0.  0.  0.  0.  0.  0.  0.  0.]
 [ 0.  0.  0.  0.  0.  0.  0.  0.  0.  0.  0.  0.  0.  0.]
 [ 0.  0.  0.  0.  0.  0.  0.  0.  0.  0.  0.  0.  0.  0.]
 [ 0.  0.  0.  0.  0.  0.  0.  0.  0.  0.  0.  0.  0.  0.]
 [ 0.  0.  0.  0.  0.  0.  0.  0.  0.  0.  0.  0.  0.  0.]
 [ 0.  0.  0.  0.  0.  0.  0.  0.  0.  0.  0.  0.  0.  0.]]
Mov[:,t]: 
[ 0.  0.  0.  0.  0.  0.  0.  0.  0.  0.  0.  0.  0.  0.]
MovSource[:,t]: 
[ 0.  0.  0.  0.  0.  0.  0.  0.  0.  0.  0.  0.  0.  0.]
Number of evacuees X[t]:[ 33.  14.   1.   0.   0.   0.   0.   3.   7.   0.   3.]
Number of evacuees X[t+1]:[ 33.  14.   1.   0.   0.   0.   0.   3.   7.   0.   3.]
number of evacuees61.0

&&&&&&&&&&&&&&&&&&&&Time Step:11&&&&&&&&&&&&&&&&&&&&&&
OK. Well Done!OK. Well Done!OK. Well Done!OK. Well Done!OK. Well Done!OK. Well Done!OK. Well Done!OK. Well Done!OK. Well Done!OK. Well Done!OK. Well Done!OK. Well Done!OK. Well Done!OK. Well Done!MovComp: 
[[ 0.  0.  0.  0.  0.  0.  0.  0.  0.  0.  0.  0.  0.  0.]
 [ 0.  0.  0.  0.  0.  0.  0.  0.  0.  0.  0.  0.  0.  0.]
 [ 0.  0.  0.  0.  0.  0.  0.  0.  0.  0.  0.  0.  0.  0.]
 [ 0.  0.  0.  0.  0.  0.  0.  0.  0.  0.  0.  0.  0.  0.]
 [ 0.  0.  0.  0.  0.  0.  0.  0.  0.  0.  0.  0.  0.  0.]
 [ 0.  0.  0.  0.  0.  0.  0.  0.  0.  0.  0.  0.  0.  0.]
 [ 0.  0.  0.  0.  0.  0.  0.  0.  0.  0.  0.  0.  0.  0.]
 [ 0.  0.  0.  0.  0.  0.  0.  0.  0.  0.  0.  0.  0.  0.]
 [ 0.  0.  0.  0.  0.  0.  0.  0.  0.  0.  0.  0.  0.  0.]
 [ 0.  0.  0.  0.  0.  0.  0.  0.  0.  0.  0.  0.  0.  0.]
 [ 0.  0.  0.  0.  0.  0.  0.  0.  0.  0.  0.  0.  0.  0.]]
MovCompDir: 
[[-0. -0. -0. -0. -0. -0. -0. -0. -0. -0. -0. -0. -0. -0.]
 [-0. -0. -0. -0. -0. -0. -0. -0. -0. -0. -0. -0. -0. -0.]
 [ 0. -0. -0. -0. -0. -0. -0. -0. -0. -0. -0. -0. -0. -0.]
 [-0. -0. -0. -0. -0. -0. -0. -0.  0.  0. -0. -0. -0. -0.]
 [-0.  0. -0. -0. -0. -0. -0. -0. -0. -0. -0. -0. -0. -0.]
 [-0. -0.  0. -0. -0. -0. -0. -0. -0. -0. -0. -0. -0. -0.]
 [-0. -0. -0.  0. -0. -0. -0. -0. -0. -0.  0.  0. -0. -0.]
 [-0. -0. -0. -0.  0. -0. -0. -0. -0. -0. -0. -0. -0. -0.]
 [-0. -0. -0. -0. -0.  0. -0. -0. -0. -0. -0. -0. -0. -0.]
 [-0. -0. -0. -0. -0. -0.  0. -0. -0. -0. -0. -0.  0.  0.]
 [-0. -0. -0. -0. -0. -0. -0.  0. -0. -0. -0. -0. -0. -0.]]
MovCompInter: 
[[ 0.  0.  0.  0.  0.  0.  0.  0.  0.  0.  0.  0.  0.  0.]
 [ 0.  0.  0.  0.  0.  0.  0.  0.  0.  0.  0.  0.  0.  0.]
 [ 0.  0.  0.  0.  0.  0.  0.  0.  0.  0.  0.  0.  0.  0.]
 [ 0.  0.  0.  0.  0.  0.  0.  0.  0.  0.  0.  0.  0.  0.]
 [ 0.  0.  0.  0.  0.  0.  0.  0.  0.  0.  0.  0.  0.  0.]
 [ 0.  0.  0.  0.  0.  0.  0.  0.  0.  0.  0.  0.  0.  0.]
 [ 0.  0.  0.  0.  0.  0.  0.  0.  0.  0.  0.  0.  0.  0.]
 [ 0.  0.  0.  0.  0.  0.  0.  0.  0.  0.  0.  0.  0.  0.]
 [ 0.  0.  0.  0.  0.  0.  0.  0.  0.  0.  0.  0.  0.  0.]
 [ 0.  0.  0.  0.  0.  0.  0.  0.  0.  0.  0.  0.  0.  0.]
 [ 0.  0.  0.  0.  0.  0.  0.  0.  0.  0.  0.  0.  0.  0.]]
Mov[:,t]: 
[ 0.  0.  0.  0.  0.  0.  0.  0.  0.  0.  0.  0.  0.  0.]
MovSource[:,t]: 
[ 0.  0.  0.  0.  0.  0.  0.  0.  0.  0.  0.  0.  0.  0.]
Number of evacuees X[t]:[ 33.  14.   1.   0.   0.   0.   0.   3.   7.   0.   3.]
Number of evacuees X[t+1]:[ 33.  14.   1.   0.   0.   0.   0.   3.   7.   0.   3.]
number of evacuees61.0

&&&&&&&&&&&&&&&&&&&&Time Step:12&&&&&&&&&&&&&&&&&&&&&&
OK. Well Done!OK. Well Done!OK. Well Done!OK. Well Done!OK. Well Done!OK. Well Done!OK. Well Done!OK. Well Done!OK. Well Done!OK. Well Done!OK. Well Done!OK. Well Done!OK. Well Done!OK. Well Done!MovComp: 
[[ 0.  0.  0.  0.  0.  0.  0.  0.  0.  0.  0.  0.  0.  0.]
 [ 0.  0.  0.  0.  0.  0.  0.  0.  0.  0.  0.  0.  0.  0.]
 [ 1.  0.  0.  0.  0.  0.  0.  0.  0.  0.  0.  0.  0.  0.]
 [ 0.  0.  0.  0.  0.  0.  0.  0.  0.  0.  0.  0.  0.  0.]
 [ 0.  0.  0.  0.  0.  0.  0.  0.  0.  0.  0.  0.  0.  0.]
 [ 0.  0.  0.  0.  0.  0.  0.  0.  0.  0.  0.  0.  0.  0.]
 [ 0.  0.  0.  0.  0.  0.  0.  0.  0.  0.  0.  0.  0.  0.]
 [ 0.  0.  0.  0.  0.  0.  0.  0.  0.  0.  0.  0.  0.  0.]
 [ 0.  0.  0.  0.  0.  0.  0.  0.  0.  0.  0.  0.  0.  0.]
 [ 0.  0.  0.  0.  0.  0.  0.  0.  0.  0.  0.  0.  0.  0.]
 [ 0.  0.  0.  0.  0.  0.  0.  0.  0.  0.  0.  0.  0.  0.]]
MovCompDir: 
[[-0. -0. -0. -0. -0. -0. -0. -0. -0. -0. -0. -0. -0. -0.]
 [-0. -0. -0. -0. -0. -0. -0. -0. -0. -0. -0. -0. -0. -0.]
 [ 1. -0. -0. -0. -0. -0. -0. -0. -0. -0. -0. -0. -0. -0.]
 [-0. -0. -0. -0. -0. -0. -0. -0.  0.  0. -0. -0. -0. -0.]
 [-0.  0. -0. -0. -0. -0. -0. -0. -0. -0. -0. -0. -0. -0.]
 [-0. -0.  0. -0. -0. -0. -0. -0. -0. -0. -0. -0. -0. -0.]
 [-0. -0. -0.  0. -0. -0. -0. -0. -0. -0.  0.  0. -0. -0.]
 [-0. -0. -0. -0.  0. -0. -0. -0. -0. -0. -0. -0. -0. -0.]
 [-0. -0. -0. -0. -0.  0. -0. -0. -0. -0. -0. -0. -0. -0.]
 [-0. -0. -0. -0. -0. -0.  0. -0. -0. -0. -0. -0.  0.  0.]
 [-0. -0. -0. -0. -0. -0. -0.  0. -0. -0. -0. -0. -0. -0.]]
MovCompInter: 
[[ 0.  0.  0.  0.  0.  0.  0.  0.  0.  0.  0.  0.  0.  0.]
 [ 0.  0.  0.  0.  0.  0.  0.  0.  0.  0.  0.  0.  0.  0.]
 [ 1.  0.  0.  0.  0.  0.  0.  0.  0.  0.  0.  0.  0.  0.]
 [ 0.  0.  0.  0.  0.  0.  0.  0.  0.  0.  0.  0.  0.  0.]
 [ 0.  0.  0.  0.  0.  0.  0.  0.  0.  0.  0.  0.  0.  0.]
 [ 0.  0.  0.  0.  0.  0.  0.  0.  0.  0.  0.  0.  0.  0.]
 [ 0.  0.  0.  0.  0.  0.  0.  0.  0.  0.  0.  0.  0.  0.]
 [ 0.  0.  0.  0.  0.  0.  0.  0.  0.  0.  0.  0.  0.  0.]
 [ 0.  0.  0.  0.  0.  0.  0.  0.  0.  0.  0.  0.  0.  0.]
 [ 0.  0.  0.  0.  0.  0.  0.  0.  0.  0.  0.  0.  0.  0.]
 [ 0.  0.  0.  0.  0.  0.  0.  0.  0.  0.  0.  0.  0.  0.]]
Mov[:,t]: 
[ 1.  0.  0.  0.  0.  0.  0.  0.  0.  0.  0.  0.  0.  0.]
MovSource[:,t]: 
[ 2.  0.  0.  0.  0.  0.  0.  0.  0.  0.  0.  0.  0.  0.]
Number of evacuees X[t]:[ 33.  14.   1.   0.   0.   0.   0.   3.   7.   0.   3.]
Number of evacuees X[t+1]:[ 34.  14.   0.   0.   0.   0.   0.   3.   7.   0.   3.]
number of evacuees61.0

&&&&&&&&&&&&&&&&&&&&Time Step:13&&&&&&&&&&&&&&&&&&&&&&
OK. Well Done!OK. Well Done!OK. Well Done!OK. Well Done!OK. Well Done!OK. Well Done!OK. Well Done!OK. Well Done!OK. Well Done!OK. Well Done!OK. Well Done!OK. Well Done!OK. Well Done!OK. Well Done!MovComp: 
[[ 0.  0.  0.  0.  0.  0.  0.  0.  0.  0.  0.  0.  0.  0.]
 [ 0.  0.  0.  0.  0.  0.  0.  0.  0.  0.  0.  0.  0.  0.]
 [ 0.  0.  0.  0.  0.  0.  0.  0.  0.  0.  0.  0.  0.  0.]
 [ 0.  0.  0.  0.  0.  0.  0.  0.  0.  0.  0.  0.  0.  0.]
 [ 0.  0.  0.  0.  0.  0.  0.  0.  0.  0.  0.  0.  0.  0.]
 [ 0.  0.  0.  0.  0.  0.  0.  0.  0.  0.  0.  0.  0.  0.]
 [ 0.  0.  0.  0.  0.  0.  0.  0.  0.  0.  0.  0.  0.  0.]
 [ 0.  0.  0.  0.  0.  0.  0.  0.  0.  0.  0.  0.  0.  0.]
 [ 0.  0.  0.  0.  0.  0.  0.  0.  0.  0.  0.  0.  0.  0.]
 [ 0.  0.  0.  0.  0.  0.  0.  0.  0.  0.  0.  0.  0.  0.]
 [ 0.  0.  0.  0.  0.  0.  0.  0.  0.  0.  0.  0.  0.  0.]]
MovCompDir: 
[[-0. -0. -0. -0. -0. -0. -0. -0. -0. -0. -0. -0. -0. -0.]
 [-0. -0. -0. -0. -0. -0. -0. -0. -0. -0. -0. -0. -0. -0.]
 [ 0. -0. -0. -0. -0. -0. -0. -0. -0. -0. -0. -0. -0. -0.]
 [-0. -0. -0. -0. -0. -0. -0. -0.  0.  0. -0. -0. -0. -0.]
 [-0.  0. -0. -0. -0. -0. -0. -0. -0. -0. -0. -0. -0. -0.]
 [-0. -0.  0. -0. -0. -0. -0. -0. -0. -0. -0. -0. -0. -0.]
 [-0. -0. -0.  0. -0. -0. -0. -0. -0. -0.  0.  0. -0. -0.]
 [-0. -0. -0. -0.  0. -0. -0. -0. -0. -0. -0. -0. -0. -0.]
 [-0. -0. -0. -0. -0.  0. -0. -0. -0. -0. -0. -0. -0. -0.]
 [-0. -0. -0. -0. -0. -0.  0. -0. -0. -0. -0. -0.  0.  0.]
 [-0. -0. -0. -0. -0. -0. -0.  0. -0. -0. -0. -0. -0. -0.]]
MovCompInter: 
[[ 0.  0.  0.  0.  0.  0.  0.  0.  0.  0.  0.  0.  0.  0.]
 [ 0.  0.  0.  0.  0.  0.  0.  0.  0.  0.  0.  0.  0.  0.]
 [ 0.  0.  0.  0.  0.  0.  0.  0.  0.  0.  0.  0.  0.  0.]
 [ 0.  0.  0.  0.  0.  0.  0.  0.  0.  0.  0.  0.  0.  0.]
 [ 0.  0.  0.  0.  0.  0.  0.  0.  0.  0.  0.  0.  0.  0.]
 [ 0.  0.  0.  0.  0.  0.  0.  0.  0.  0.  0.  0.  0.  0.]
 [ 0.  0.  0.  0.  0.  0.  0.  0.  0.  0.  0.  0.  0.  0.]
 [ 0.  0.  0.  0.  0.  0.  0.  0.  0.  0.  0.  0.  0.  0.]
 [ 0.  0.  0.  0.  0.  0.  0.  0.  0.  0.  0.  0.  0.  0.]
 [ 0.  0.  0.  0.  0.  0.  0.  0.  0.  0.  0.  0.  0.  0.]
 [ 0.  0.  0.  0.  0.  0.  0.  0.  0.  0.  0.  0.  0.  0.]]
Mov[:,t]: 
[ 0.  0.  0.  0.  0.  0.  0.  0.  0.  0.  0.  0.  0.  0.]
MovSource[:,t]: 
[ 0.  0.  0.  0.  0.  0.  0.  0.  0.  0.  0.  0.  0.  0.]
Number of evacuees X[t]:[ 34.  14.   0.   0.   0.   0.   0.   3.   7.   0.   3.]
Number of evacuees X[t+1]:[ 34.  14.   0.   0.   0.   0.   0.   3.   7.   0.   3.]
number of evacuees61.0

&&&&&&&&&&&&&&&&&&&&Time Step:14&&&&&&&&&&&&&&&&&&&&&&
OK. Well Done!OK. Well Done!OK. Well Done!OK. Well Done!OK. Well Done!OK. Well Done!OK. Well Done!OK. Well Done!OK. Well Done!OK. Well Done!OK. Well Done!OK. Well Done!OK. Well Done!OK. Well Done!MovComp: 
[[ 0.  0.  0.  0.  0.  0.  0.  0.  0.  0.  0.  0.  0.  0.]
 [ 0.  0.  0.  0.  0.  0.  0.  0.  0.  0.  0.  0.  0.  0.]
 [ 0.  0.  0.  0.  0.  0.  0.  0.  0.  0.  0.  0.  0.  0.]
 [ 0.  0.  0.  0.  0.  0.  0.  0.  0.  0.  0.  0.  0.  0.]
 [ 0.  0.  0.  0.  0.  0.  0.  0.  0.  0.  0.  0.  0.  0.]
 [ 0.  0.  0.  0.  0.  0.  0.  0.  0.  0.  0.  0.  0.  0.]
 [ 0.  0.  0.  0.  0.  0.  0.  0.  0.  0.  0.  0.  0.  0.]
 [ 0.  0.  0.  0.  0.  0.  0.  0.  0.  0.  0.  0.  0.  0.]
 [ 0.  0.  0.  0.  0.  0.  0.  0.  0.  0.  0.  0.  0.  0.]
 [ 0.  0.  0.  0.  0.  0.  0.  0.  0.  0.  0.  0.  0.  0.]
 [ 0.  0.  0.  0.  0.  0.  0.  0.  0.  0.  0.  0.  0.  0.]]
MovCompDir: 
[[-0. -0. -0. -0. -0. -0. -0. -0. -0. -0. -0. -0. -0. -0.]
 [-0. -0. -0. -0. -0. -0. -0. -0. -0. -0. -0. -0. -0. -0.]
 [ 0. -0. -0. -0. -0. -0. -0. -0. -0. -0. -0. -0. -0. -0.]
 [-0. -0. -0. -0. -0. -0. -0. -0.  0.  0. -0. -0. -0. -0.]
 [-0.  0. -0. -0. -0. -0. -0. -0. -0. -0. -0. -0. -0. -0.]
 [-0. -0.  0. -0. -0. -0. -0. -0. -0. -0. -0. -0. -0. -0.]
 [-0. -0. -0.  0. -0. -0. -0. -0. -0. -0.  0.  0. -0. -0.]
 [-0. -0. -0. -0.  0. -0. -0. -0. -0. -0. -0. -0. -0. -0.]
 [-0. -0. -0. -0. -0.  0. -0. -0. -0. -0. -0. -0. -0. -0.]
 [-0. -0. -0. -0. -0. -0.  0. -0. -0. -0. -0. -0.  0.  0.]
 [-0. -0. -0. -0. -0. -0. -0.  0. -0. -0. -0. -0. -0. -0.]]
MovCompInter: 
[[ 0.  0.  0.  0.  0.  0.  0.  0.  0.  0.  0.  0.  0.  0.]
 [ 0.  0.  0.  0.  0.  0.  0.  0.  0.  0.  0.  0.  0.  0.]
 [ 0.  0.  0.  0.  0.  0.  0.  0.  0.  0.  0.  0.  0.  0.]
 [ 0.  0.  0.  0.  0.  0.  0.  0.  0.  0.  0.  0.  0.  0.]
 [ 0.  0.  0.  0.  0.  0.  0.  0.  0.  0.  0.  0.  0.  0.]
 [ 0.  0.  0.  0.  0.  0.  0.  0.  0.  0.  0.  0.  0.  0.]
 [ 0.  0.  0.  0.  0.  0.  0.  0.  0.  0.  0.  0.  0.  0.]
 [ 0.  0.  0.  0.  0.  0.  0.  0.  0.  0.  0.  0.  0.  0.]
 [ 0.  0.  0.  0.  0.  0.  0.  0.  0.  0.  0.  0.  0.  0.]
 [ 0.  0.  0.  0.  0.  0.  0.  0.  0.  0.  0.  0.  0.  0.]
 [ 0.  0.  0.  0.  0.  0.  0.  0.  0.  0.  0.  0.  0.  0.]]
Mov[:,t]: 
[ 0.  0.  0.  0.  0.  0.  0.  0.  0.  0.  0.  0.  0.  0.]
MovSource[:,t]: 
[ 0.  0.  0.  0.  0.  0.  0.  0.  0.  0.  0.  0.  0.  0.]
Number of evacuees X[t]:[ 34.  14.   0.   0.   0.   0.   0.   3.   7.   0.   3.]
Number of evacuees X[t+1]:[ 34.  14.   0.   0.   0.   0.   0.   3.   7.   0.   3.]
number of evacuees61.0
