matrixBLD
[[ 1.  0.  0.  0.  0.  0.  0.  0.  0.  0.  0.  0.  0.  0.]
 [ 0.  1.  0.  0.  0.  0.  0.  0.  0.  0.  0.  0.  0.  0.]
 [-1.  0.  1.  0.  0.  1.  0.  0.  1.  0.  0.  0.  0.  0.]
 [ 0.  0.  0.  1.  0.  0.  1.  0. -1. -1.  0.  0.  0.  0.]
 [ 0. -1.  0.  0.  1.  0.  0.  1.  0.  1.  0.  0.  0.  0.]
 [ 0.  0. -1.  0.  0.  0.  0.  0.  0.  0.  1.  0.  0.  0.]
 [ 0.  0.  0. -1.  0.  0.  0.  0.  0.  0. -1. -1.  0.  0.]
 [ 0.  0.  0.  0. -1.  0.  0.  0.  0.  0.  0.  1.  0.  0.]
 [ 0.  0.  0.  0.  0. -1.  0.  0.  0.  0.  0.  0.  1.  0.]
 [ 0.  0.  0.  0.  0.  0. -1.  0.  0.  0.  0.  0. -1. -1.]
 [ 0.  0.  0.  0.  0.  0.  0. -1.  0.  0.  0.  0.  0.  1.]] 

matrixCapa
[[ 6.  6.  3.  3.  4.  3.  3.  4.  8.  8.  2.  3.  2.  2.]] 

matrixWP
[[ 0.01  0.    0.    0.    0.    0.    0.    0.    0.    0.    0.    0.    0.
   0.  ]
 [ 0.    0.02  0.    0.    0.    0.    0.    0.    0.    0.    0.    0.    0.
   0.  ]
 [ 0.4   0.    0.2   0.    0.    0.1   0.    0.    0.3   0.    0.    0.    0.
   0.  ]
 [ 0.    0.    0.    0.2   0.    0.    0.2   0.    0.3   0.3   0.    0.    0.
   0.  ]
 [ 0.    0.4   0.    0.    0.2   0.    0.    0.1   0.    0.3   0.    0.    0.
   0.  ]
 [ 0.    0.    0.3   0.    0.    0.    0.    0.    0.    0.    0.3   0.    0.
   0.  ]
 [ 0.    0.    0.    0.3   0.    0.    0.    0.    0.    0.    0.3   0.3
   0.    0.  ]
 [ 0.    0.    0.    0.    0.3   0.    0.    0.    0.    0.    0.    0.3
   0.    0.  ]
 [ 0.    0.    0.    0.    0.    0.3   0.    0.    0.    0.    0.    0.
   0.3   0.  ]
 [ 0.    0.    0.    0.    0.    0.    0.3   0.    0.    0.    0.    0.
   0.3   0.3 ]
 [ 0.    0.    0.    0.    0.    0.    0.    0.3   0.    0.    0.    0.    0.
   0.3 ]] 

matrixIS
[[  0.]
 [  0.]
 [  3.]
 [  9.]
 [  3.]
 [  6.]
 [ 10.]
 [  8.]
 [  4.]
 [ 10.]
 [  8.]] 

Number of Locations and Passages: 11 14
dimension of matrixCapa (1, 14)
maximal element in matrixCapa 8.0
Initial State: X[:,0]
[  0.   0.   3.   9.   3.   6.  10.   8.   4.  10.   8.] 

Initial MovComp: 
[[ 0.  0.  0.  0.  0.  0.  0.  0.  0.  0.  0.  0.  0.  0.]
 [ 0.  0.  0.  0.  0.  0.  0.  0.  0.  0.  0.  0.  0.  0.]
 [ 0.  0.  0.  0.  0.  0.  0.  0.  0.  0.  0.  0.  0.  0.]
 [ 0.  0.  0.  0.  0.  0.  0.  0.  0.  0.  0.  0.  0.  0.]
 [ 0.  0.  0.  0.  0.  0.  0.  0.  0.  0.  0.  0.  0.  0.]
 [ 0.  0.  0.  0.  0.  0.  0.  0.  0.  0.  0.  0.  0.  0.]
 [ 0.  0.  0.  0.  0.  0.  0.  0.  0.  0.  0.  0.  0.  0.]
 [ 0.  0.  0.  0.  0.  0.  0.  0.  0.  0.  0.  0.  0.  0.]
 [ 0.  0.  0.  0.  0.  0.  0.  0.  0.  0.  0.  0.  0.  0.]
 [ 0.  0.  0.  0.  0.  0.  0.  0.  0.  0.  0.  0.  0.  0.]
 [ 0.  0.  0.  0.  0.  0.  0.  0.  0.  0.  0.  0.  0.  0.]] 

Initial MovCompDir: 
[[ 0.  0.  0.  0.  0.  0.  0.  0.  0.  0.  0.  0.  0.  0.]
 [ 0.  0.  0.  0.  0.  0.  0.  0.  0.  0.  0.  0.  0.  0.]
 [ 0.  0.  0.  0.  0.  0.  0.  0.  0.  0.  0.  0.  0.  0.]
 [ 0.  0.  0.  0.  0.  0.  0.  0.  0.  0.  0.  0.  0.  0.]
 [ 0.  0.  0.  0.  0.  0.  0.  0.  0.  0.  0.  0.  0.  0.]
 [ 0.  0.  0.  0.  0.  0.  0.  0.  0.  0.  0.  0.  0.  0.]
 [ 0.  0.  0.  0.  0.  0.  0.  0.  0.  0.  0.  0.  0.  0.]
 [ 0.  0.  0.  0.  0.  0.  0.  0.  0.  0.  0.  0.  0.  0.]
 [ 0.  0.  0.  0.  0.  0.  0.  0.  0.  0.  0.  0.  0.  0.]
 [ 0.  0.  0.  0.  0.  0.  0.  0.  0.  0.  0.  0.  0.  0.]
 [ 0.  0.  0.  0.  0.  0.  0.  0.  0.  0.  0.  0.  0.  0.]] 

Initial MovCompInter: 
[[ 0.  0.  0.  0.  0.  0.  0.  0.  0.  0.  0.  0.  0.  0.]
 [ 0.  0.  0.  0.  0.  0.  0.  0.  0.  0.  0.  0.  0.  0.]
 [ 0.  0.  0.  0.  0.  0.  0.  0.  0.  0.  0.  0.  0.  0.]
 [ 0.  0.  0.  0.  0.  0.  0.  0.  0.  0.  0.  0.  0.  0.]
 [ 0.  0.  0.  0.  0.  0.  0.  0.  0.  0.  0.  0.  0.  0.]
 [ 0.  0.  0.  0.  0.  0.  0.  0.  0.  0.  0.  0.  0.  0.]
 [ 0.  0.  0.  0.  0.  0.  0.  0.  0.  0.  0.  0.  0.  0.]
 [ 0.  0.  0.  0.  0.  0.  0.  0.  0.  0.  0.  0.  0.  0.]
 [ 0.  0.  0.  0.  0.  0.  0.  0.  0.  0.  0.  0.  0.  0.]
 [ 0.  0.  0.  0.  0.  0.  0.  0.  0.  0.  0.  0.  0.  0.]
 [ 0.  0.  0.  0.  0.  0.  0.  0.  0.  0.  0.  0.  0.  0.]] 

Computing in iteration starts here!


&&&&&&&&&&&&&&&&&&&&
Time Step: 0
&&&&&&&&&&&&&&&&&&&&&&

OK. Well Done!
OK. Well Done!
OK. Well Done!
OK. Well Done!
OK. Well Done!
OK. Well Done!
OK. Well Done!
OK. Well Done!
OK. Well Done!
OK. Well Done!
OK. Well Done!
OK. Well Done!
OK. Well Done!
OK. Well Done!
MovComp: 
[[ 0.  0.  0.  0.  0.  0.  0.  0.  0.  0.  0.  0.  0.  0.]
 [ 0.  0.  0.  0.  0.  0.  0.  0.  0.  0.  0.  0.  0.  0.]
 [ 2.  0.  1.  0.  0.  0.  0.  0.  0.  0.  0.  0.  0.  0.]
 [ 0.  0.  0.  1.  0.  0.  1.  0.  2.  5.  0.  0.  0.  0.]
 [ 0.  2.  0.  0.  0.  0.  0.  0.  0.  1.  0.  0.  0.  0.]
 [ 0.  0.  1.  0.  0.  0.  0.  0.  0.  0.  2.  0.  0.  0.]
 [ 0.  0.  0.  3.  0.  0.  0.  0.  0.  0.  2.  4.  0.  0.]
 [ 0.  0.  0.  0.  3.  0.  0.  0.  0.  0.  0.  1.  0.  0.]
 [ 0.  0.  0.  0.  0.  2.  0.  0.  0.  0.  0.  0.  1.  0.]
 [ 0.  0.  0.  0.  0.  0.  5.  0.  0.  0.  0.  0.  2.  2.]
 [ 0.  0.  0.  0.  0.  0.  0.  2.  0.  0.  0.  0.  0.  4.]]
MovCompDir: 
[[-0. -0. -0. -0. -0. -0. -0. -0. -0. -0. -0. -0. -0. -0.]
 [-0. -0. -0. -0. -0. -0. -0. -0. -0. -0. -0. -0. -0. -0.]
 [ 2. -0. -1. -0. -0. -0. -0. -0. -0. -0. -0. -0. -0. -0.]
 [-0. -0. -0. -1. -0. -0. -1. -0.  2.  5. -0. -0. -0. -0.]
 [-0.  2. -0. -0. -0. -0. -0. -0. -0. -1. -0. -0. -0. -0.]
 [-0. -0.  1. -0. -0. -0. -0. -0. -0. -0. -2. -0. -0. -0.]
 [-0. -0. -0.  3. -0. -0. -0. -0. -0. -0.  2.  4. -0. -0.]
 [-0. -0. -0. -0.  3. -0. -0. -0. -0. -0. -0. -1. -0. -0.]
 [-0. -0. -0. -0. -0.  2. -0. -0. -0. -0. -0. -0. -1. -0.]
 [-0. -0. -0. -0. -0. -0.  5. -0. -0. -0. -0. -0.  2.  2.]
 [-0. -0. -0. -0. -0. -0. -0.  2. -0. -0. -0. -0. -0. -4.]]
MovCompInter: 
[[ 0.  0.  0.  0.  0.  0.  0.  0.  0.  0.  0.  0.  0.  0.]
 [ 0.  0.  0.  0.  0.  0.  0.  0.  0.  0.  0.  0.  0.  0.]
 [ 2.  0.  1.  0.  0.  0.  0.  0.  0.  0.  0.  0.  0.  0.]
 [ 0.  0.  0.  0.  0.  0.  0.  0.  2.  5.  0.  0.  0.  0.]
 [ 0.  2.  0.  0.  0.  0.  0.  0.  0.  0.  0.  0.  0.  0.]
 [ 0.  0.  0.  0.  0.  0.  0.  0.  0.  0.  2.  0.  0.  0.]
 [ 0.  0.  0.  3.  0.  0.  0.  0.  0.  0.  0.  3.  0.  0.]
 [ 0.  0.  0.  0.  3.  0.  0.  0.  0.  0.  0.  0.  0.  0.]
 [ 0.  0.  0.  0.  0.  2.  0.  0.  0.  0.  0.  0.  0.  0.]
 [ 0.  0.  0.  0.  0.  0.  3.  0.  0.  0.  0.  0.  2.  0.]
 [ 0.  0.  0.  0.  0.  0.  0.  2.  0.  0.  0.  0.  0.  2.]]
Mov[:,t]: 
[ 2.  2. -1.  3.  3.  2.  3.  2.  2.  5. -2.  3.  2. -2.]
MovSource[:,t]: 
[  2.   4.   2.   6.   7.   8.   9.  10.   3.   3.   5.   6.   9.  10.]
Number of evacuees X[t]: [  0.   0.   3.   9.   3.   6.  10.   8.   4.  10.   8.]
Number of evacuees X[t+1]: [  2.   2.   4.   8.  11.   5.   6.   8.   4.   7.   4.]
number of evacuees 61.0

&&&&&&&&&&&&&&&&&&&&
Time Step: 1
&&&&&&&&&&&&&&&&&&&&&&

OK. Well Done!
OK. Well Done!
OK. Well Done!
OK. Well Done!
OK. Well Done!
OK. Well Done!
OK. Well Done!
OK. Well Done!
OK. Well Done!
OK. Well Done!
OK. Well Done!
OK. Well Done!
OK. Well Done!
OK. Well Done!
MovComp: 
[[ 0.  0.  0.  0.  0.  0.  0.  0.  0.  0.  0.  0.  0.  0.]
 [ 0.  0.  0.  0.  0.  0.  0.  0.  0.  0.  0.  0.  0.  0.]
 [ 2.  0.  1.  0.  0.  0.  0.  0.  1.  0.  0.  0.  0.  0.]
 [ 0.  0.  0.  0.  0.  0.  0.  0.  5.  2.  0.  0.  0.  0.]
 [ 0.  4.  0.  0.  2.  0.  0.  1.  0.  0.  0.  0.  0.  0.]
 [ 0.  0.  1.  0.  0.  0.  0.  0.  0.  0.  3.  0.  0.  0.]
 [ 0.  0.  0.  2.  0.  0.  0.  0.  0.  0.  0.  2.  0.  0.]
 [ 0.  0.  0.  0.  1.  0.  0.  0.  0.  0.  0.  2.  0.  0.]
 [ 0.  0.  0.  0.  0.  1.  0.  0.  0.  0.  0.  0.  1.  0.]
 [ 0.  0.  0.  0.  0.  0.  2.  0.  0.  0.  0.  0.  1.  1.]
 [ 0.  0.  0.  0.  0.  0.  0.  1.  0.  0.  0.  0.  0.  1.]]
MovCompDir: 
[[-0. -0. -0. -0. -0. -0. -0. -0. -0. -0. -0. -0. -0. -0.]
 [-0. -0. -0. -0. -0. -0. -0. -0. -0. -0. -0. -0. -0. -0.]
 [ 2. -0. -1. -0. -0. -0. -0. -0. -1. -0. -0. -0. -0. -0.]
 [-0. -0. -0. -0. -0. -0. -0. -0.  5.  2. -0. -0. -0. -0.]
 [-0.  4. -0. -0. -2. -0. -0. -1. -0. -0. -0. -0. -0. -0.]
 [-0. -0.  1. -0. -0. -0. -0. -0. -0. -0. -3. -0. -0. -0.]
 [-0. -0. -0.  2. -0. -0. -0. -0. -0. -0.  0.  2. -0. -0.]
 [-0. -0. -0. -0.  1. -0. -0. -0. -0. -0. -0. -2. -0. -0.]
 [-0. -0. -0. -0. -0.  1. -0. -0. -0. -0. -0. -0. -1. -0.]
 [-0. -0. -0. -0. -0. -0.  2. -0. -0. -0. -0. -0.  1.  1.]
 [-0. -0. -0. -0. -0. -0. -0.  1. -0. -0. -0. -0. -0. -1.]]
MovCompInter: 
[[ 0.  0.  0.  0.  0.  0.  0.  0.  0.  0.  0.  0.  0.  0.]
 [ 0.  0.  0.  0.  0.  0.  0.  0.  0.  0.  0.  0.  0.  0.]
 [ 2.  0.  1.  0.  0.  0.  0.  0.  0.  0.  0.  0.  0.  0.]
 [ 0.  0.  0.  0.  0.  0.  0.  0.  5.  2.  0.  0.  0.  0.]
 [ 0.  4.  0.  0.  2.  0.  0.  1.  0.  0.  0.  0.  0.  0.]
 [ 0.  0.  0.  0.  0.  0.  0.  0.  0.  0.  2.  0.  0.  0.]
 [ 0.  0.  0.  2.  0.  0.  0.  0.  0.  0.  0.  2.  0.  0.]
 [ 0.  0.  0.  0.  0.  0.  0.  0.  0.  0.  0.  0.  0.  0.]
 [ 0.  0.  0.  0.  0.  1.  0.  0.  0.  0.  0.  0.  1.  0.]
 [ 0.  0.  0.  0.  0.  0.  2.  0.  0.  0.  0.  0.  0.  1.]
 [ 0.  0.  0.  0.  0.  0.  0.  0.  0.  0.  0.  0.  0.  0.]]
Mov[:,t]: 
[ 2.  4. -1.  2. -2.  1.  2. -1.  5.  2. -2.  2. -1.  1.]
MovSource[:,t]: 
[ 2.  4.  2.  6.  4.  8.  9.  4.  3.  3.  5.  6.  8.  9.]
Number of evacuees X[t]: [  2.   2.   4.   8.  11.   5.   6.   8.   4.   7.   4.]
Number of evacuees X[t+1]: [  4.   6.   7.   5.   6.   4.   4.  12.   2.   5.   6.]
number of evacuees 61.0

&&&&&&&&&&&&&&&&&&&&
Time Step: 2
&&&&&&&&&&&&&&&&&&&&&&

OK. Well Done!
OK. Well Done!
OK. Well Done!
OK. Well Done!
OK. Well Done!
OK. Well Done!
OK. Well Done!
OK. Well Done!
OK. Well Done!
OK. Well Done!
OK. Well Done!
OK. Well Done!
OK. Well Done!
OK. Well Done!
MovComp: 
[[ 0.  0.  0.  0.  0.  0.  0.  0.  0.  0.  0.  0.  0.  0.]
 [ 0.  0.  0.  0.  0.  0.  0.  0.  0.  0.  0.  0.  0.  0.]
 [ 6.  0.  1.  0.  0.  0.  0.  0.  0.  0.  0.  0.  0.  0.]
 [ 0.  0.  0.  1.  0.  0.  0.  0.  1.  1.  0.  0.  0.  0.]
 [ 0.  2.  0.  0.  2.  0.  0.  0.  0.  0.  0.  0.  0.  0.]
 [ 0.  0.  0.  0.  0.  0.  0.  0.  0.  0.  0.  0.  0.  0.]
 [ 0.  0.  0.  0.  0.  0.  0.  0.  0.  0.  1.  2.  0.  0.]
 [ 0.  0.  0.  0.  1.  0.  0.  0.  0.  0.  0.  0.  0.  0.]
 [ 0.  0.  0.  0.  0.  0.  0.  0.  0.  0.  0.  0.  0.  0.]
 [ 0.  0.  0.  0.  0.  0.  2.  0.  0.  0.  0.  0.  1.  1.]
 [ 0.  0.  0.  0.  0.  0.  0.  3.  0.  0.  0.  0.  0.  0.]]
MovCompDir: 
[[-0. -0. -0. -0. -0. -0. -0. -0. -0. -0. -0. -0. -0. -0.]
 [-0. -0. -0. -0. -0. -0. -0. -0. -0. -0. -0. -0. -0. -0.]
 [ 6. -0. -1. -0. -0. -0. -0. -0. -0. -0. -0. -0. -0. -0.]
 [-0. -0. -0. -1. -0. -0. -0. -0.  1.  1. -0. -0. -0. -0.]
 [-0.  2. -0. -0. -2. -0. -0. -0. -0. -0. -0. -0. -0. -0.]
 [-0. -0.  0. -0. -0. -0. -0. -0. -0. -0. -0. -0. -0. -0.]
 [-0. -0. -0.  0. -0. -0. -0. -0. -0. -0.  1.  2. -0. -0.]
 [-0. -0. -0. -0.  1. -0. -0. -0. -0. -0. -0. -0. -0. -0.]
 [-0. -0. -0. -0. -0.  0. -0. -0. -0. -0. -0. -0. -0. -0.]
 [-0. -0. -0. -0. -0. -0.  2. -0. -0. -0. -0. -0.  1.  1.]
 [-0. -0. -0. -0. -0. -0. -0.  3. -0. -0. -0. -0. -0. -0.]]
MovCompInter: 
[[ 0.  0.  0.  0.  0.  0.  0.  0.  0.  0.  0.  0.  0.  0.]
 [ 0.  0.  0.  0.  0.  0.  0.  0.  0.  0.  0.  0.  0.  0.]
 [ 6.  0.  1.  0.  0.  0.  0.  0.  0.  0.  0.  0.  0.  0.]
 [ 0.  0.  0.  1.  0.  0.  0.  0.  1.  1.  0.  0.  0.  0.]
 [ 0.  2.  0.  0.  2.  0.  0.  0.  0.  0.  0.  0.  0.  0.]
 [ 0.  0.  0.  0.  0.  0.  0.  0.  0.  0.  0.  0.  0.  0.]
 [ 0.  0.  0.  0.  0.  0.  0.  0.  0.  0.  1.  2.  0.  0.]
 [ 0.  0.  0.  0.  0.  0.  0.  0.  0.  0.  0.  0.  0.  0.]
 [ 0.  0.  0.  0.  0.  0.  0.  0.  0.  0.  0.  0.  0.  0.]
 [ 0.  0.  0.  0.  0.  0.  2.  0.  0.  0.  0.  0.  1.  1.]
 [ 0.  0.  0.  0.  0.  0.  0.  3.  0.  0.  0.  0.  0.  0.]]
Mov[:,t]: 
[ 6.  2. -1. -1. -2.  0.  2.  3.  1.  1.  1.  2.  1.  1.]
MovSource[:,t]: 
[  2.   4.   2.   3.   4.   0.   9.  10.   3.   3.   6.   6.   9.   9.]
Number of evacuees X[t]: [  4.   6.   7.   5.   6.   4.   4.  12.   2.   5.   6.]
Number of evacuees X[t+1]: [ 10.   8.   1.   4.   6.   6.   2.  16.   3.   1.   4.]
number of evacuees 61.0

&&&&&&&&&&&&&&&&&&&&
Time Step: 3
&&&&&&&&&&&&&&&&&&&&&&

OK. Well Done!
OK. Well Done!
OK. Well Done!
OK. Well Done!
OK. Well Done!
OK. Well Done!
OK. Well Done!
OK. Well Done!
OK. Well Done!
OK. Well Done!
OK. Well Done!
OK. Well Done!
OK. Well Done!
OK. Well Done!
MovComp: 
[[ 0.  0.  0.  0.  0.  0.  0.  0.  0.  0.  0.  0.  0.  0.]
 [ 0.  0.  0.  0.  0.  0.  0.  0.  0.  0.  0.  0.  0.  0.]
 [ 1.  0.  0.  0.  0.  0.  0.  0.  0.  0.  0.  0.  0.  0.]
 [ 0.  0.  0.  0.  0.  0.  1.  0.  1.  1.  0.  0.  0.  0.]
 [ 0.  4.  0.  0.  1.  0.  0.  0.  0.  0.  0.  0.  0.  0.]
 [ 0.  0.  1.  0.  0.  0.  0.  0.  0.  0.  0.  0.  0.  0.]
 [ 0.  0.  0.  0.  0.  0.  0.  0.  0.  0.  1.  1.  0.  0.]
 [ 0.  0.  0.  0.  0.  0.  0.  0.  0.  0.  0.  0.  0.  0.]
 [ 0.  0.  0.  0.  0.  0.  0.  0.  0.  0.  0.  0.  1.  0.]
 [ 0.  0.  0.  0.  0.  0.  0.  0.  0.  0.  0.  0.  0.  0.]
 [ 0.  0.  0.  0.  0.  0.  0.  0.  0.  0.  0.  0.  0.  1.]]
MovCompDir: 
[[-0. -0. -0. -0. -0. -0. -0. -0. -0. -0. -0. -0. -0. -0.]
 [-0. -0. -0. -0. -0. -0. -0. -0. -0. -0. -0. -0. -0. -0.]
 [ 1. -0. -0. -0. -0. -0. -0. -0. -0. -0. -0. -0. -0. -0.]
 [-0. -0. -0. -0. -0. -0. -1. -0.  1.  1. -0. -0. -0. -0.]
 [-0.  4. -0. -0. -1. -0. -0. -0. -0. -0. -0. -0. -0. -0.]
 [-0. -0.  1. -0. -0. -0. -0. -0. -0. -0. -0. -0. -0. -0.]
 [-0. -0. -0.  0. -0. -0. -0. -0. -0. -0.  1.  1. -0. -0.]
 [-0. -0. -0. -0.  0. -0. -0. -0. -0. -0. -0. -0. -0. -0.]
 [-0. -0. -0. -0. -0.  0. -0. -0. -0. -0. -0. -0. -1. -0.]
 [-0. -0. -0. -0. -0. -0.  0. -0. -0. -0. -0. -0.  0.  0.]
 [-0. -0. -0. -0. -0. -0. -0.  0. -0. -0. -0. -0. -0. -1.]]
MovCompInter: 
[[ 0.  0.  0.  0.  0.  0.  0.  0.  0.  0.  0.  0.  0.  0.]
 [ 0.  0.  0.  0.  0.  0.  0.  0.  0.  0.  0.  0.  0.  0.]
 [ 1.  0.  0.  0.  0.  0.  0.  0.  0.  0.  0.  0.  0.  0.]
 [ 0.  0.  0.  0.  0.  0.  1.  0.  1.  1.  0.  0.  0.  0.]
 [ 0.  4.  0.  0.  1.  0.  0.  0.  0.  0.  0.  0.  0.  0.]
 [ 0.  0.  1.  0.  0.  0.  0.  0.  0.  0.  0.  0.  0.  0.]
 [ 0.  0.  0.  0.  0.  0.  0.  0.  0.  0.  1.  1.  0.  0.]
 [ 0.  0.  0.  0.  0.  0.  0.  0.  0.  0.  0.  0.  0.  0.]
 [ 0.  0.  0.  0.  0.  0.  0.  0.  0.  0.  0.  0.  1.  0.]
 [ 0.  0.  0.  0.  0.  0.  0.  0.  0.  0.  0.  0.  0.  0.]
 [ 0.  0.  0.  0.  0.  0.  0.  0.  0.  0.  0.  0.  0.  1.]]
Mov[:,t]: 
[ 1.  4.  1.  0. -1.  0. -1.  0.  1.  1.  1.  1. -1. -1.]
MovSource[:,t]: 
[  2.   4.   5.   0.   4.   0.   3.   0.   3.   3.   6.   6.   8.  10.]
Number of evacuees X[t]: [ 10.   8.   1.   4.   6.   6.   2.  16.   3.   1.   4.]
Number of evacuees X[t+1]: [ 11.  12.   2.   1.   2.   6.   0.  18.   2.   4.   3.]
number of evacuees 61.0

&&&&&&&&&&&&&&&&&&&&
Time Step: 4
&&&&&&&&&&&&&&&&&&&&&&

OK. Well Done!
OK. Well Done!
OK. Well Done!
OK. Well Done!
OK. Well Done!
OK. Well Done!
OK. Well Done!
OK. Well Done!
OK. Well Done!
OK. Well Done!
OK. Well Done!
OK. Well Done!
OK. Well Done!
OK. Well Done!
MovComp: 
[[ 0.  0.  0.  0.  0.  0.  0.  0.  0.  0.  0.  0.  0.  0.]
 [ 0.  0.  0.  0.  0.  0.  0.  0.  0.  0.  0.  0.  0.  0.]
 [ 2.  0.  0.  0.  0.  0.  0.  0.  0.  0.  0.  0.  0.  0.]
 [ 0.  0.  0.  0.  0.  0.  0.  0.  1.  0.  0.  0.  0.  0.]
 [ 0.  2.  0.  0.  0.  0.  0.  0.  0.  0.  0.  0.  0.  0.]
 [ 0.  0.  0.  0.  0.  0.  0.  0.  0.  0.  1.  0.  0.  0.]
 [ 0.  0.  0.  0.  0.  0.  0.  0.  0.  0.  0.  0.  0.  0.]
 [ 0.  0.  0.  0.  2.  0.  0.  0.  0.  0.  0.  0.  0.  0.]
 [ 0.  0.  0.  0.  0.  0.  0.  0.  0.  0.  0.  0.  0.  0.]
 [ 0.  0.  0.  0.  0.  0.  1.  0.  0.  0.  0.  0.  1.  0.]
 [ 0.  0.  0.  0.  0.  0.  0.  0.  0.  0.  0.  0.  0.  1.]]
MovCompDir: 
[[-0. -0. -0. -0. -0. -0. -0. -0. -0. -0. -0. -0. -0. -0.]
 [-0. -0. -0. -0. -0. -0. -0. -0. -0. -0. -0. -0. -0. -0.]
 [ 2. -0. -0. -0. -0. -0. -0. -0. -0. -0. -0. -0. -0. -0.]
 [-0. -0. -0. -0. -0. -0. -0. -0.  1.  0. -0. -0. -0. -0.]
 [-0.  2. -0. -0. -0. -0. -0. -0. -0. -0. -0. -0. -0. -0.]
 [-0. -0.  0. -0. -0. -0. -0. -0. -0. -0. -1. -0. -0. -0.]
 [-0. -0. -0.  0. -0. -0. -0. -0. -0. -0.  0.  0. -0. -0.]
 [-0. -0. -0. -0.  2. -0. -0. -0. -0. -0. -0. -0. -0. -0.]
 [-0. -0. -0. -0. -0.  0. -0. -0. -0. -0. -0. -0. -0. -0.]
 [-0. -0. -0. -0. -0. -0.  1. -0. -0. -0. -0. -0.  1.  0.]
 [-0. -0. -0. -0. -0. -0. -0.  0. -0. -0. -0. -0. -0. -1.]]
MovCompInter: 
[[ 0.  0.  0.  0.  0.  0.  0.  0.  0.  0.  0.  0.  0.  0.]
 [ 0.  0.  0.  0.  0.  0.  0.  0.  0.  0.  0.  0.  0.  0.]
 [ 2.  0.  0.  0.  0.  0.  0.  0.  0.  0.  0.  0.  0.  0.]
 [ 0.  0.  0.  0.  0.  0.  0.  0.  1.  0.  0.  0.  0.  0.]
 [ 0.  2.  0.  0.  0.  0.  0.  0.  0.  0.  0.  0.  0.  0.]
 [ 0.  0.  0.  0.  0.  0.  0.  0.  0.  0.  1.  0.  0.  0.]
 [ 0.  0.  0.  0.  0.  0.  0.  0.  0.  0.  0.  0.  0.  0.]
 [ 0.  0.  0.  0.  2.  0.  0.  0.  0.  0.  0.  0.  0.  0.]
 [ 0.  0.  0.  0.  0.  0.  0.  0.  0.  0.  0.  0.  0.  0.]
 [ 0.  0.  0.  0.  0.  0.  1.  0.  0.  0.  0.  0.  1.  0.]
 [ 0.  0.  0.  0.  0.  0.  0.  0.  0.  0.  0.  0.  0.  1.]]
Mov[:,t]: 
[ 2.  2.  0.  0.  2.  0.  1.  0.  1.  0. -1.  0.  1. -1.]
MovSource[:,t]: 
[  2.   4.   0.   0.   7.   0.   9.   0.   3.   0.   5.   0.   9.  10.]
Number of evacuees X[t]: [ 11.  12.   2.   1.   2.   6.   0.  18.   2.   4.   3.]
Number of evacuees X[t+1]: [ 13.  14.   1.   1.   2.   5.   1.  16.   3.   3.   2.]
number of evacuees 61.0

&&&&&&&&&&&&&&&&&&&&
Time Step: 5
&&&&&&&&&&&&&&&&&&&&&&

OK. Well Done!
OK. Well Done!
OK. Well Done!
OK. Well Done!
OK. Well Done!
OK. Well Done!
OK. Well Done!
OK. Well Done!
OK. Well Done!
OK. Well Done!
OK. Well Done!
OK. Well Done!
OK. Well Done!
OK. Well Done!
MovComp: 
[[ 0.  0.  0.  0.  0.  0.  0.  0.  0.  0.  0.  0.  0.  0.]
 [ 0.  0.  0.  0.  0.  0.  0.  0.  0.  0.  0.  0.  0.  0.]
 [ 1.  0.  0.  0.  0.  0.  0.  0.  0.  0.  0.  0.  0.  0.]
 [ 0.  0.  0.  0.  0.  0.  0.  0.  1.  0.  0.  0.  0.  0.]
 [ 0.  2.  0.  0.  0.  0.  0.  0.  0.  0.  0.  0.  0.  0.]
 [ 0.  0.  0.  0.  0.  0.  0.  0.  0.  0.  0.  0.  0.  0.]
 [ 0.  0.  0.  0.  0.  0.  0.  0.  0.  0.  1.  0.  0.  0.]
 [ 0.  0.  0.  0.  0.  0.  0.  0.  0.  0.  0.  0.  0.  0.]
 [ 0.  0.  0.  0.  0.  0.  0.  0.  0.  0.  0.  0.  1.  0.]
 [ 0.  0.  0.  0.  0.  0.  0.  0.  0.  0.  0.  0.  1.  0.]
 [ 0.  0.  0.  0.  0.  0.  0.  0.  0.  0.  0.  0.  0.  0.]]
MovCompDir: 
[[-0. -0. -0. -0. -0. -0. -0. -0. -0. -0. -0. -0. -0. -0.]
 [-0. -0. -0. -0. -0. -0. -0. -0. -0. -0. -0. -0. -0. -0.]
 [ 1. -0. -0. -0. -0. -0. -0. -0. -0. -0. -0. -0. -0. -0.]
 [-0. -0. -0. -0. -0. -0. -0. -0.  1.  0. -0. -0. -0. -0.]
 [-0.  2. -0. -0. -0. -0. -0. -0. -0. -0. -0. -0. -0. -0.]
 [-0. -0.  0. -0. -0. -0. -0. -0. -0. -0. -0. -0. -0. -0.]
 [-0. -0. -0.  0. -0. -0. -0. -0. -0. -0.  1.  0. -0. -0.]
 [-0. -0. -0. -0.  0. -0. -0. -0. -0. -0. -0. -0. -0. -0.]
 [-0. -0. -0. -0. -0.  0. -0. -0. -0. -0. -0. -0. -1. -0.]
 [-0. -0. -0. -0. -0. -0.  0. -0. -0. -0. -0. -0.  1.  0.]
 [-0. -0. -0. -0. -0. -0. -0.  0. -0. -0. -0. -0. -0. -0.]]
MovCompInter: 
[[ 0.  0.  0.  0.  0.  0.  0.  0.  0.  0.  0.  0.  0.  0.]
 [ 0.  0.  0.  0.  0.  0.  0.  0.  0.  0.  0.  0.  0.  0.]
 [ 1.  0.  0.  0.  0.  0.  0.  0.  0.  0.  0.  0.  0.  0.]
 [ 0.  0.  0.  0.  0.  0.  0.  0.  1.  0.  0.  0.  0.  0.]
 [ 0.  2.  0.  0.  0.  0.  0.  0.  0.  0.  0.  0.  0.  0.]
 [ 0.  0.  0.  0.  0.  0.  0.  0.  0.  0.  0.  0.  0.  0.]
 [ 0.  0.  0.  0.  0.  0.  0.  0.  0.  0.  1.  0.  0.  0.]
 [ 0.  0.  0.  0.  0.  0.  0.  0.  0.  0.  0.  0.  0.  0.]
 [ 0.  0.  0.  0.  0.  0.  0.  0.  0.  0.  0.  0.  1.  0.]
 [ 0.  0.  0.  0.  0.  0.  0.  0.  0.  0.  0.  0.  0.  0.]
 [ 0.  0.  0.  0.  0.  0.  0.  0.  0.  0.  0.  0.  0.  0.]]
Mov[:,t]: 
[ 1.  2.  0.  0.  0.  0.  0.  0.  1.  0.  1.  0. -1.  0.]
MovSource[:,t]: 
[ 2.  4.  0.  0.  0.  0.  0.  0.  3.  0.  6.  0.  8.  0.]
Number of evacuees X[t]: [ 13.  14.   1.   1.   2.   5.   1.  16.   3.   3.   2.]
Number of evacuees X[t+1]: [ 14.  16.   1.   0.   0.   6.   0.  16.   2.   4.   2.]
number of evacuees 61.0

&&&&&&&&&&&&&&&&&&&&
Time Step: 6
&&&&&&&&&&&&&&&&&&&&&&

OK. Well Done!
OK. Well Done!
OK. Well Done!
OK. Well Done!
OK. Well Done!
OK. Well Done!
OK. Well Done!
OK. Well Done!
OK. Well Done!
OK. Well Done!
OK. Well Done!
OK. Well Done!
OK. Well Done!
OK. Well Done!
MovComp: 
[[ 0.  0.  0.  0.  0.  0.  0.  0.  0.  0.  0.  0.  0.  0.]
 [ 0.  0.  0.  0.  0.  0.  0.  0.  0.  0.  0.  0.  0.  0.]
 [ 0.  0.  0.  0.  0.  0.  0.  0.  0.  0.  0.  0.  0.  0.]
 [ 0.  0.  0.  0.  0.  0.  0.  0.  0.  0.  0.  0.  0.  0.]
 [ 0.  0.  0.  0.  0.  0.  0.  0.  0.  0.  0.  0.  0.  0.]
 [ 0.  0.  0.  0.  0.  0.  0.  0.  0.  0.  1.  0.  0.  0.]
 [ 0.  0.  0.  0.  0.  0.  0.  0.  0.  0.  0.  0.  0.  0.]
 [ 0.  0.  0.  0.  0.  0.  0.  0.  0.  0.  0.  0.  0.  0.]
 [ 0.  0.  0.  0.  0.  0.  0.  0.  0.  0.  0.  0.  1.  0.]
 [ 0.  0.  0.  0.  0.  0.  0.  0.  0.  0.  0.  0.  1.  0.]
 [ 0.  0.  0.  0.  0.  0.  0.  0.  0.  0.  0.  0.  0.  0.]]
MovCompDir: 
[[-0. -0. -0. -0. -0. -0. -0. -0. -0. -0. -0. -0. -0. -0.]
 [-0. -0. -0. -0. -0. -0. -0. -0. -0. -0. -0. -0. -0. -0.]
 [ 0. -0. -0. -0. -0. -0. -0. -0. -0. -0. -0. -0. -0. -0.]
 [-0. -0. -0. -0. -0. -0. -0. -0.  0.  0. -0. -0. -0. -0.]
 [-0.  0. -0. -0. -0. -0. -0. -0. -0. -0. -0. -0. -0. -0.]
 [-0. -0.  0. -0. -0. -0. -0. -0. -0. -0. -1. -0. -0. -0.]
 [-0. -0. -0.  0. -0. -0. -0. -0. -0. -0.  0.  0. -0. -0.]
 [-0. -0. -0. -0.  0. -0. -0. -0. -0. -0. -0. -0. -0. -0.]
 [-0. -0. -0. -0. -0.  0. -0. -0. -0. -0. -0. -0. -1. -0.]
 [-0. -0. -0. -0. -0. -0.  0. -0. -0. -0. -0. -0.  1.  0.]
 [-0. -0. -0. -0. -0. -0. -0.  0. -0. -0. -0. -0. -0. -0.]]
MovCompInter: 
[[ 0.  0.  0.  0.  0.  0.  0.  0.  0.  0.  0.  0.  0.  0.]
 [ 0.  0.  0.  0.  0.  0.  0.  0.  0.  0.  0.  0.  0.  0.]
 [ 0.  0.  0.  0.  0.  0.  0.  0.  0.  0.  0.  0.  0.  0.]
 [ 0.  0.  0.  0.  0.  0.  0.  0.  0.  0.  0.  0.  0.  0.]
 [ 0.  0.  0.  0.  0.  0.  0.  0.  0.  0.  0.  0.  0.  0.]
 [ 0.  0.  0.  0.  0.  0.  0.  0.  0.  0.  1.  0.  0.  0.]
 [ 0.  0.  0.  0.  0.  0.  0.  0.  0.  0.  0.  0.  0.  0.]
 [ 0.  0.  0.  0.  0.  0.  0.  0.  0.  0.  0.  0.  0.  0.]
 [ 0.  0.  0.  0.  0.  0.  0.  0.  0.  0.  0.  0.  1.  0.]
 [ 0.  0.  0.  0.  0.  0.  0.  0.  0.  0.  0.  0.  0.  0.]
 [ 0.  0.  0.  0.  0.  0.  0.  0.  0.  0.  0.  0.  0.  0.]]
Mov[:,t]: 
[ 0.  0.  0.  0.  0.  0.  0.  0.  0.  0. -1.  0. -1.  0.]
MovSource[:,t]: 
[ 0.  0.  0.  0.  0.  0.  0.  0.  0.  0.  5.  0.  8.  0.]
Number of evacuees X[t]: [ 14.  16.   1.   0.   0.   6.   0.  16.   2.   4.   2.]
Number of evacuees X[t+1]: [ 14.  16.   1.   0.   0.   5.   1.  16.   1.   5.   2.]
number of evacuees 61.0

&&&&&&&&&&&&&&&&&&&&
Time Step: 7
&&&&&&&&&&&&&&&&&&&&&&

OK. Well Done!
OK. Well Done!
OK. Well Done!
OK. Well Done!
OK. Well Done!
OK. Well Done!
OK. Well Done!
OK. Well Done!
OK. Well Done!
OK. Well Done!
OK. Well Done!
OK. Well Done!
OK. Well Done!
OK. Well Done!
MovComp: 
[[ 0.  0.  0.  0.  0.  0.  0.  0.  0.  0.  0.  0.  0.  0.]
 [ 0.  0.  0.  0.  0.  0.  0.  0.  0.  0.  0.  0.  0.  0.]
 [ 1.  0.  0.  0.  0.  0.  0.  0.  0.  0.  0.  0.  0.  0.]
 [ 0.  0.  0.  0.  0.  0.  0.  0.  0.  0.  0.  0.  0.  0.]
 [ 0.  0.  0.  0.  0.  0.  0.  0.  0.  0.  0.  0.  0.  0.]
 [ 0.  0.  0.  0.  0.  0.  0.  0.  0.  0.  2.  0.  0.  0.]
 [ 0.  0.  0.  0.  0.  0.  0.  0.  0.  0.  1.  0.  0.  0.]
 [ 0.  0.  0.  0.  2.  0.  0.  0.  0.  0.  0.  0.  0.  0.]
 [ 0.  0.  0.  0.  0.  0.  0.  0.  0.  0.  0.  0.  0.  0.]
 [ 0.  0.  0.  0.  0.  0.  0.  0.  0.  0.  0.  0.  0.  0.]
 [ 0.  0.  0.  0.  0.  0.  0.  0.  0.  0.  0.  0.  0.  0.]]
MovCompDir: 
[[-0. -0. -0. -0. -0. -0. -0. -0. -0. -0. -0. -0. -0. -0.]
 [-0. -0. -0. -0. -0. -0. -0. -0. -0. -0. -0. -0. -0. -0.]
 [ 1. -0. -0. -0. -0. -0. -0. -0. -0. -0. -0. -0. -0. -0.]
 [-0. -0. -0. -0. -0. -0. -0. -0.  0.  0. -0. -0. -0. -0.]
 [-0.  0. -0. -0. -0. -0. -0. -0. -0. -0. -0. -0. -0. -0.]
 [-0. -0.  0. -0. -0. -0. -0. -0. -0. -0. -2. -0. -0. -0.]
 [-0. -0. -0.  0. -0. -0. -0. -0. -0. -0.  1.  0. -0. -0.]
 [-0. -0. -0. -0.  2. -0. -0. -0. -0. -0. -0. -0. -0. -0.]
 [-0. -0. -0. -0. -0.  0. -0. -0. -0. -0. -0. -0. -0. -0.]
 [-0. -0. -0. -0. -0. -0.  0. -0. -0. -0. -0. -0.  0.  0.]
 [-0. -0. -0. -0. -0. -0. -0.  0. -0. -0. -0. -0. -0. -0.]]
MovCompInter: 
[[ 0.  0.  0.  0.  0.  0.  0.  0.  0.  0.  0.  0.  0.  0.]
 [ 0.  0.  0.  0.  0.  0.  0.  0.  0.  0.  0.  0.  0.  0.]
 [ 1.  0.  0.  0.  0.  0.  0.  0.  0.  0.  0.  0.  0.  0.]
 [ 0.  0.  0.  0.  0.  0.  0.  0.  0.  0.  0.  0.  0.  0.]
 [ 0.  0.  0.  0.  0.  0.  0.  0.  0.  0.  0.  0.  0.  0.]
 [ 0.  0.  0.  0.  0.  0.  0.  0.  0.  0.  2.  0.  0.  0.]
 [ 0.  0.  0.  0.  0.  0.  0.  0.  0.  0.  0.  0.  0.  0.]
 [ 0.  0.  0.  0.  2.  0.  0.  0.  0.  0.  0.  0.  0.  0.]
 [ 0.  0.  0.  0.  0.  0.  0.  0.  0.  0.  0.  0.  0.  0.]
 [ 0.  0.  0.  0.  0.  0.  0.  0.  0.  0.  0.  0.  0.  0.]
 [ 0.  0.  0.  0.  0.  0.  0.  0.  0.  0.  0.  0.  0.  0.]]
Mov[:,t]: 
[ 1.  0.  0.  0.  2.  0.  0.  0.  0.  0. -2.  0.  0.  0.]
MovSource[:,t]: 
[ 2.  0.  0.  0.  7.  0.  0.  0.  0.  0.  5.  0.  0.  0.]
Number of evacuees X[t]: [ 14.  16.   1.   0.   0.   5.   1.  16.   1.   5.   2.]
Number of evacuees X[t+1]: [ 15.  16.   0.   0.   2.   3.   3.  14.   1.   5.   2.]
number of evacuees 61.0

&&&&&&&&&&&&&&&&&&&&
Time Step: 8
&&&&&&&&&&&&&&&&&&&&&&

OK. Well Done!
OK. Well Done!
OK. Well Done!
OK. Well Done!
OK. Well Done!
OK. Well Done!
OK. Well Done!
OK. Well Done!
OK. Well Done!
OK. Well Done!
OK. Well Done!
OK. Well Done!
OK. Well Done!
OK. Well Done!
MovComp: 
[[ 0.  0.  0.  0.  0.  0.  0.  0.  0.  0.  0.  0.  0.  0.]
 [ 0.  0.  0.  0.  0.  0.  0.  0.  0.  0.  0.  0.  0.  0.]
 [ 0.  0.  0.  0.  0.  0.  0.  0.  0.  0.  0.  0.  0.  0.]
 [ 0.  0.  0.  0.  0.  0.  0.  0.  0.  0.  0.  0.  0.  0.]
 [ 0.  2.  0.  0.  0.  0.  0.  0.  0.  0.  0.  0.  0.  0.]
 [ 0.  0.  0.  0.  0.  0.  0.  0.  0.  0.  1.  0.  0.  0.]
 [ 0.  0.  0.  0.  0.  0.  0.  0.  0.  0.  1.  1.  0.  0.]
 [ 0.  0.  0.  0.  3.  0.  0.  0.  0.  0.  0.  0.  0.  0.]
 [ 0.  0.  0.  0.  0.  0.  0.  0.  0.  0.  0.  0.  1.  0.]
 [ 0.  0.  0.  0.  0.  0.  0.  0.  0.  0.  0.  0.  0.  0.]
 [ 0.  0.  0.  0.  0.  0.  0.  0.  0.  0.  0.  0.  0.  0.]]
MovCompDir: 
[[-0. -0. -0. -0. -0. -0. -0. -0. -0. -0. -0. -0. -0. -0.]
 [-0. -0. -0. -0. -0. -0. -0. -0. -0. -0. -0. -0. -0. -0.]
 [ 0. -0. -0. -0. -0. -0. -0. -0. -0. -0. -0. -0. -0. -0.]
 [-0. -0. -0. -0. -0. -0. -0. -0.  0.  0. -0. -0. -0. -0.]
 [-0.  2. -0. -0. -0. -0. -0. -0. -0. -0. -0. -0. -0. -0.]
 [-0. -0.  0. -0. -0. -0. -0. -0. -0. -0. -1. -0. -0. -0.]
 [-0. -0. -0.  0. -0. -0. -0. -0. -0. -0.  1.  1. -0. -0.]
 [-0. -0. -0. -0.  3. -0. -0. -0. -0. -0. -0. -0. -0. -0.]
 [-0. -0. -0. -0. -0.  0. -0. -0. -0. -0. -0. -0. -1. -0.]
 [-0. -0. -0. -0. -0. -0.  0. -0. -0. -0. -0. -0.  0.  0.]
 [-0. -0. -0. -0. -0. -0. -0.  0. -0. -0. -0. -0. -0. -0.]]
MovCompInter: 
[[ 0.  0.  0.  0.  0.  0.  0.  0.  0.  0.  0.  0.  0.  0.]
 [ 0.  0.  0.  0.  0.  0.  0.  0.  0.  0.  0.  0.  0.  0.]
 [ 0.  0.  0.  0.  0.  0.  0.  0.  0.  0.  0.  0.  0.  0.]
 [ 0.  0.  0.  0.  0.  0.  0.  0.  0.  0.  0.  0.  0.  0.]
 [ 0.  2.  0.  0.  0.  0.  0.  0.  0.  0.  0.  0.  0.  0.]
 [ 0.  0.  0.  0.  0.  0.  0.  0.  0.  0.  1.  0.  0.  0.]
 [ 0.  0.  0.  0.  0.  0.  0.  0.  0.  0.  0.  1.  0.  0.]
 [ 0.  0.  0.  0.  3.  0.  0.  0.  0.  0.  0.  0.  0.  0.]
 [ 0.  0.  0.  0.  0.  0.  0.  0.  0.  0.  0.  0.  1.  0.]
 [ 0.  0.  0.  0.  0.  0.  0.  0.  0.  0.  0.  0.  0.  0.]
 [ 0.  0.  0.  0.  0.  0.  0.  0.  0.  0.  0.  0.  0.  0.]]
Mov[:,t]: 
[ 0.  2.  0.  0.  3.  0.  0.  0.  0.  0. -1.  1. -1.  0.]
MovSource[:,t]: 
[ 0.  4.  0.  0.  7.  0.  0.  0.  0.  0.  5.  6.  8.  0.]
Number of evacuees X[t]: [ 15.  16.   0.   0.   2.   3.   3.  14.   1.   5.   2.]
Number of evacuees X[t+1]: [ 15.  18.   0.   0.   3.   2.   3.  12.   0.   6.   2.]
number of evacuees 61.0

&&&&&&&&&&&&&&&&&&&&
Time Step: 9
&&&&&&&&&&&&&&&&&&&&&&

OK. Well Done!
OK. Well Done!
OK. Well Done!
OK. Well Done!
OK. Well Done!
OK. Well Done!
OK. Well Done!
OK. Well Done!
OK. Well Done!
OK. Well Done!
OK. Well Done!
OK. Well Done!
OK. Well Done!
OK. Well Done!
MovComp: 
[[ 0.  0.  0.  0.  0.  0.  0.  0.  0.  0.  0.  0.  0.  0.]
 [ 0.  0.  0.  0.  0.  0.  0.  0.  0.  0.  0.  0.  0.  0.]
 [ 0.  0.  0.  0.  0.  0.  0.  0.  0.  0.  0.  0.  0.  0.]
 [ 0.  0.  0.  0.  0.  0.  0.  0.  0.  0.  0.  0.  0.  0.]
 [ 0.  2.  0.  0.  0.  0.  0.  0.  0.  0.  0.  0.  0.  0.]
 [ 0.  0.  0.  0.  0.  0.  0.  0.  0.  0.  2.  0.  0.  0.]
 [ 0.  0.  0.  0.  0.  0.  0.  0.  0.  0.  1.  1.  0.  0.]
 [ 0.  0.  0.  0.  4.  0.  0.  0.  0.  0.  0.  0.  0.  0.]
 [ 0.  0.  0.  0.  0.  0.  0.  0.  0.  0.  0.  0.  0.  0.]
 [ 0.  0.  0.  0.  0.  0.  0.  0.  0.  0.  0.  0.  0.  0.]
 [ 0.  0.  0.  0.  0.  0.  0.  0.  0.  0.  0.  0.  0.  0.]]
MovCompDir: 
[[-0. -0. -0. -0. -0. -0. -0. -0. -0. -0. -0. -0. -0. -0.]
 [-0. -0. -0. -0. -0. -0. -0. -0. -0. -0. -0. -0. -0. -0.]
 [ 0. -0. -0. -0. -0. -0. -0. -0. -0. -0. -0. -0. -0. -0.]
 [-0. -0. -0. -0. -0. -0. -0. -0.  0.  0. -0. -0. -0. -0.]
 [-0.  2. -0. -0. -0. -0. -0. -0. -0. -0. -0. -0. -0. -0.]
 [-0. -0.  0. -0. -0. -0. -0. -0. -0. -0. -2. -0. -0. -0.]
 [-0. -0. -0.  0. -0. -0. -0. -0. -0. -0.  1.  1. -0. -0.]
 [-0. -0. -0. -0.  4. -0. -0. -0. -0. -0. -0. -0. -0. -0.]
 [-0. -0. -0. -0. -0.  0. -0. -0. -0. -0. -0. -0. -0. -0.]
 [-0. -0. -0. -0. -0. -0.  0. -0. -0. -0. -0. -0.  0.  0.]
 [-0. -0. -0. -0. -0. -0. -0.  0. -0. -0. -0. -0. -0. -0.]]
MovCompInter: 
[[ 0.  0.  0.  0.  0.  0.  0.  0.  0.  0.  0.  0.  0.  0.]
 [ 0.  0.  0.  0.  0.  0.  0.  0.  0.  0.  0.  0.  0.  0.]
 [ 0.  0.  0.  0.  0.  0.  0.  0.  0.  0.  0.  0.  0.  0.]
 [ 0.  0.  0.  0.  0.  0.  0.  0.  0.  0.  0.  0.  0.  0.]
 [ 0.  2.  0.  0.  0.  0.  0.  0.  0.  0.  0.  0.  0.  0.]
 [ 0.  0.  0.  0.  0.  0.  0.  0.  0.  0.  2.  0.  0.  0.]
 [ 0.  0.  0.  0.  0.  0.  0.  0.  0.  0.  0.  1.  0.  0.]
 [ 0.  0.  0.  0.  4.  0.  0.  0.  0.  0.  0.  0.  0.  0.]
 [ 0.  0.  0.  0.  0.  0.  0.  0.  0.  0.  0.  0.  0.  0.]
 [ 0.  0.  0.  0.  0.  0.  0.  0.  0.  0.  0.  0.  0.  0.]
 [ 0.  0.  0.  0.  0.  0.  0.  0.  0.  0.  0.  0.  0.  0.]]
Mov[:,t]: 
[ 0.  2.  0.  0.  4.  0.  0.  0.  0.  0. -2.  1.  0.  0.]
MovSource[:,t]: 
[ 0.  4.  0.  0.  7.  0.  0.  0.  0.  0.  5.  6.  0.  0.]
Number of evacuees X[t]: [ 15.  18.   0.   0.   3.   2.   3.  12.   0.   6.   2.]
Number of evacuees X[t+1]: [ 15.  20.   0.   0.   5.   0.   4.   9.   0.   6.   2.]
number of evacuees 61.0

&&&&&&&&&&&&&&&&&&&&
Time Step: 10
&&&&&&&&&&&&&&&&&&&&&&

OK. Well Done!
OK. Well Done!
OK. Well Done!
OK. Well Done!
OK. Well Done!
OK. Well Done!
OK. Well Done!
OK. Well Done!
OK. Well Done!
OK. Well Done!
OK. Well Done!
OK. Well Done!
OK. Well Done!
OK. Well Done!
MovComp: 
[[ 0.  0.  0.  0.  0.  0.  0.  0.  0.  0.  0.  0.  0.  0.]
 [ 0.  0.  0.  0.  0.  0.  0.  0.  0.  0.  0.  0.  0.  0.]
 [ 0.  0.  0.  0.  0.  0.  0.  0.  0.  0.  0.  0.  0.  0.]
 [ 0.  0.  0.  0.  0.  0.  0.  0.  0.  0.  0.  0.  0.  0.]
 [ 0.  4.  0.  0.  0.  0.  0.  0.  0.  0.  0.  0.  0.  0.]
 [ 0.  0.  0.  0.  0.  0.  0.  0.  0.  0.  0.  0.  0.  0.]
 [ 0.  0.  0.  0.  0.  0.  0.  0.  0.  0.  1.  1.  0.  0.]
 [ 0.  0.  0.  0.  2.  0.  0.  0.  0.  0.  0.  0.  0.  0.]
 [ 0.  0.  0.  0.  0.  0.  0.  0.  0.  0.  0.  0.  0.  0.]
 [ 0.  0.  0.  0.  0.  0.  0.  0.  0.  0.  0.  0.  0.  0.]
 [ 0.  0.  0.  0.  0.  0.  0.  0.  0.  0.  0.  0.  0.  0.]]
MovCompDir: 
[[-0. -0. -0. -0. -0. -0. -0. -0. -0. -0. -0. -0. -0. -0.]
 [-0. -0. -0. -0. -0. -0. -0. -0. -0. -0. -0. -0. -0. -0.]
 [ 0. -0. -0. -0. -0. -0. -0. -0. -0. -0. -0. -0. -0. -0.]
 [-0. -0. -0. -0. -0. -0. -0. -0.  0.  0. -0. -0. -0. -0.]
 [-0.  4. -0. -0. -0. -0. -0. -0. -0. -0. -0. -0. -0. -0.]
 [-0. -0.  0. -0. -0. -0. -0. -0. -0. -0. -0. -0. -0. -0.]
 [-0. -0. -0.  0. -0. -0. -0. -0. -0. -0.  1.  1. -0. -0.]
 [-0. -0. -0. -0.  2. -0. -0. -0. -0. -0. -0. -0. -0. -0.]
 [-0. -0. -0. -0. -0.  0. -0. -0. -0. -0. -0. -0. -0. -0.]
 [-0. -0. -0. -0. -0. -0.  0. -0. -0. -0. -0. -0.  0.  0.]
 [-0. -0. -0. -0. -0. -0. -0.  0. -0. -0. -0. -0. -0. -0.]]
MovCompInter: 
[[ 0.  0.  0.  0.  0.  0.  0.  0.  0.  0.  0.  0.  0.  0.]
 [ 0.  0.  0.  0.  0.  0.  0.  0.  0.  0.  0.  0.  0.  0.]
 [ 0.  0.  0.  0.  0.  0.  0.  0.  0.  0.  0.  0.  0.  0.]
 [ 0.  0.  0.  0.  0.  0.  0.  0.  0.  0.  0.  0.  0.  0.]
 [ 0.  4.  0.  0.  0.  0.  0.  0.  0.  0.  0.  0.  0.  0.]
 [ 0.  0.  0.  0.  0.  0.  0.  0.  0.  0.  0.  0.  0.  0.]
 [ 0.  0.  0.  0.  0.  0.  0.  0.  0.  0.  1.  1.  0.  0.]
 [ 0.  0.  0.  0.  2.  0.  0.  0.  0.  0.  0.  0.  0.  0.]
 [ 0.  0.  0.  0.  0.  0.  0.  0.  0.  0.  0.  0.  0.  0.]
 [ 0.  0.  0.  0.  0.  0.  0.  0.  0.  0.  0.  0.  0.  0.]
 [ 0.  0.  0.  0.  0.  0.  0.  0.  0.  0.  0.  0.  0.  0.]]
Mov[:,t]: 
[ 0.  4.  0.  0.  2.  0.  0.  0.  0.  0.  1.  1.  0.  0.]
MovSource[:,t]: 
[ 0.  4.  0.  0.  7.  0.  0.  0.  0.  0.  6.  6.  0.  0.]
Number of evacuees X[t]: [ 15.  20.   0.   0.   5.   0.   4.   9.   0.   6.   2.]
Number of evacuees X[t+1]: [ 15.  24.   0.   0.   3.   1.   2.   8.   0.   6.   2.]
number of evacuees 61.0

&&&&&&&&&&&&&&&&&&&&
Time Step: 11
&&&&&&&&&&&&&&&&&&&&&&

OK. Well Done!
OK. Well Done!
OK. Well Done!
OK. Well Done!
OK. Well Done!
OK. Well Done!
OK. Well Done!
OK. Well Done!
OK. Well Done!
OK. Well Done!
OK. Well Done!
OK. Well Done!
OK. Well Done!
OK. Well Done!
MovComp: 
[[ 0.  0.  0.  0.  0.  0.  0.  0.  0.  0.  0.  0.  0.  0.]
 [ 0.  0.  0.  0.  0.  0.  0.  0.  0.  0.  0.  0.  0.  0.]
 [ 0.  0.  0.  0.  0.  0.  0.  0.  0.  0.  0.  0.  0.  0.]
 [ 0.  0.  0.  0.  0.  0.  0.  0.  0.  0.  0.  0.  0.  0.]
 [ 0.  2.  0.  0.  0.  0.  0.  0.  0.  0.  0.  0.  0.  0.]
 [ 0.  0.  0.  0.  0.  0.  0.  0.  0.  0.  0.  0.  0.  0.]
 [ 0.  0.  0.  0.  0.  0.  0.  0.  0.  0.  1.  1.  0.  0.]
 [ 0.  0.  0.  0.  3.  0.  0.  0.  0.  0.  0.  0.  0.  0.]
 [ 0.  0.  0.  0.  0.  0.  0.  0.  0.  0.  0.  0.  0.  0.]
 [ 0.  0.  0.  0.  0.  0.  0.  0.  0.  0.  0.  0.  0.  0.]
 [ 0.  0.  0.  0.  0.  0.  0.  0.  0.  0.  0.  0.  0.  0.]]
MovCompDir: 
[[-0. -0. -0. -0. -0. -0. -0. -0. -0. -0. -0. -0. -0. -0.]
 [-0. -0. -0. -0. -0. -0. -0. -0. -0. -0. -0. -0. -0. -0.]
 [ 0. -0. -0. -0. -0. -0. -0. -0. -0. -0. -0. -0. -0. -0.]
 [-0. -0. -0. -0. -0. -0. -0. -0.  0.  0. -0. -0. -0. -0.]
 [-0.  2. -0. -0. -0. -0. -0. -0. -0. -0. -0. -0. -0. -0.]
 [-0. -0.  0. -0. -0. -0. -0. -0. -0. -0. -0. -0. -0. -0.]
 [-0. -0. -0.  0. -0. -0. -0. -0. -0. -0.  1.  1. -0. -0.]
 [-0. -0. -0. -0.  3. -0. -0. -0. -0. -0. -0. -0. -0. -0.]
 [-0. -0. -0. -0. -0.  0. -0. -0. -0. -0. -0. -0. -0. -0.]
 [-0. -0. -0. -0. -0. -0.  0. -0. -0. -0. -0. -0.  0.  0.]
 [-0. -0. -0. -0. -0. -0. -0.  0. -0. -0. -0. -0. -0. -0.]]
MovCompInter: 
[[ 0.  0.  0.  0.  0.  0.  0.  0.  0.  0.  0.  0.  0.  0.]
 [ 0.  0.  0.  0.  0.  0.  0.  0.  0.  0.  0.  0.  0.  0.]
 [ 0.  0.  0.  0.  0.  0.  0.  0.  0.  0.  0.  0.  0.  0.]
 [ 0.  0.  0.  0.  0.  0.  0.  0.  0.  0.  0.  0.  0.  0.]
 [ 0.  2.  0.  0.  0.  0.  0.  0.  0.  0.  0.  0.  0.  0.]
 [ 0.  0.  0.  0.  0.  0.  0.  0.  0.  0.  0.  0.  0.  0.]
 [ 0.  0.  0.  0.  0.  0.  0.  0.  0.  0.  1.  1.  0.  0.]
 [ 0.  0.  0.  0.  3.  0.  0.  0.  0.  0.  0.  0.  0.  0.]
 [ 0.  0.  0.  0.  0.  0.  0.  0.  0.  0.  0.  0.  0.  0.]
 [ 0.  0.  0.  0.  0.  0.  0.  0.  0.  0.  0.  0.  0.  0.]
 [ 0.  0.  0.  0.  0.  0.  0.  0.  0.  0.  0.  0.  0.  0.]]
Mov[:,t]: 
[ 0.  2.  0.  0.  3.  0.  0.  0.  0.  0.  1.  1.  0.  0.]
MovSource[:,t]: 
[ 0.  4.  0.  0.  7.  0.  0.  0.  0.  0.  6.  6.  0.  0.]
Number of evacuees X[t]: [ 15.  24.   0.   0.   3.   1.   2.   8.   0.   6.   2.]
Number of evacuees X[t+1]: [ 15.  26.   0.   0.   4.   2.   0.   6.   0.   6.   2.]
number of evacuees 61.0

&&&&&&&&&&&&&&&&&&&&
Time Step: 12
&&&&&&&&&&&&&&&&&&&&&&

OK. Well Done!
OK. Well Done!
OK. Well Done!
OK. Well Done!
OK. Well Done!
OK. Well Done!
OK. Well Done!
OK. Well Done!
OK. Well Done!
OK. Well Done!
OK. Well Done!
OK. Well Done!
OK. Well Done!
OK. Well Done!
MovComp: 
[[ 0.  0.  0.  0.  0.  0.  0.  0.  0.  0.  0.  0.  0.  0.]
 [ 0.  0.  0.  0.  0.  0.  0.  0.  0.  0.  0.  0.  0.  0.]
 [ 0.  0.  0.  0.  0.  0.  0.  0.  0.  0.  0.  0.  0.  0.]
 [ 0.  0.  0.  0.  0.  0.  0.  0.  0.  0.  0.  0.  0.  0.]
 [ 0.  3.  0.  0.  0.  0.  0.  0.  0.  0.  0.  0.  0.  0.]
 [ 0.  0.  0.  0.  0.  0.  0.  0.  0.  0.  1.  0.  0.  0.]
 [ 0.  0.  0.  0.  0.  0.  0.  0.  0.  0.  0.  0.  0.  0.]
 [ 0.  0.  0.  0.  0.  0.  0.  0.  0.  0.  0.  0.  0.  0.]
 [ 0.  0.  0.  0.  0.  0.  0.  0.  0.  0.  0.  0.  0.  0.]
 [ 0.  0.  0.  0.  0.  0.  0.  0.  0.  0.  0.  0.  0.  0.]
 [ 0.  0.  0.  0.  0.  0.  0.  0.  0.  0.  0.  0.  0.  0.]]
MovCompDir: 
[[-0. -0. -0. -0. -0. -0. -0. -0. -0. -0. -0. -0. -0. -0.]
 [-0. -0. -0. -0. -0. -0. -0. -0. -0. -0. -0. -0. -0. -0.]
 [ 0. -0. -0. -0. -0. -0. -0. -0. -0. -0. -0. -0. -0. -0.]
 [-0. -0. -0. -0. -0. -0. -0. -0.  0.  0. -0. -0. -0. -0.]
 [-0.  3. -0. -0. -0. -0. -0. -0. -0. -0. -0. -0. -0. -0.]
 [-0. -0.  0. -0. -0. -0. -0. -0. -0. -0. -1. -0. -0. -0.]
 [-0. -0. -0.  0. -0. -0. -0. -0. -0. -0.  0.  0. -0. -0.]
 [-0. -0. -0. -0.  0. -0. -0. -0. -0. -0. -0. -0. -0. -0.]
 [-0. -0. -0. -0. -0.  0. -0. -0. -0. -0. -0. -0. -0. -0.]
 [-0. -0. -0. -0. -0. -0.  0. -0. -0. -0. -0. -0.  0.  0.]
 [-0. -0. -0. -0. -0. -0. -0.  0. -0. -0. -0. -0. -0. -0.]]
MovCompInter: 
[[ 0.  0.  0.  0.  0.  0.  0.  0.  0.  0.  0.  0.  0.  0.]
 [ 0.  0.  0.  0.  0.  0.  0.  0.  0.  0.  0.  0.  0.  0.]
 [ 0.  0.  0.  0.  0.  0.  0.  0.  0.  0.  0.  0.  0.  0.]
 [ 0.  0.  0.  0.  0.  0.  0.  0.  0.  0.  0.  0.  0.  0.]
 [ 0.  3.  0.  0.  0.  0.  0.  0.  0.  0.  0.  0.  0.  0.]
 [ 0.  0.  0.  0.  0.  0.  0.  0.  0.  0.  1.  0.  0.  0.]
 [ 0.  0.  0.  0.  0.  0.  0.  0.  0.  0.  0.  0.  0.  0.]
 [ 0.  0.  0.  0.  0.  0.  0.  0.  0.  0.  0.  0.  0.  0.]
 [ 0.  0.  0.  0.  0.  0.  0.  0.  0.  0.  0.  0.  0.  0.]
 [ 0.  0.  0.  0.  0.  0.  0.  0.  0.  0.  0.  0.  0.  0.]
 [ 0.  0.  0.  0.  0.  0.  0.  0.  0.  0.  0.  0.  0.  0.]]
Mov[:,t]: 
[ 0.  3.  0.  0.  0.  0.  0.  0.  0.  0. -1.  0.  0.  0.]
MovSource[:,t]: 
[ 0.  4.  0.  0.  0.  0.  0.  0.  0.  0.  5.  0.  0.  0.]
Number of evacuees X[t]: [ 15.  26.   0.   0.   4.   2.   0.   6.   0.   6.   2.]
Number of evacuees X[t+1]: [ 15.  29.   0.   0.   1.   1.   1.   6.   0.   6.   2.]
number of evacuees 61.0

&&&&&&&&&&&&&&&&&&&&
Time Step: 13
&&&&&&&&&&&&&&&&&&&&&&

OK. Well Done!
OK. Well Done!
OK. Well Done!
OK. Well Done!
OK. Well Done!
OK. Well Done!
OK. Well Done!
OK. Well Done!
OK. Well Done!
OK. Well Done!
OK. Well Done!
OK. Well Done!
OK. Well Done!
OK. Well Done!
MovComp: 
[[ 0.  0.  0.  0.  0.  0.  0.  0.  0.  0.  0.  0.  0.  0.]
 [ 0.  0.  0.  0.  0.  0.  0.  0.  0.  0.  0.  0.  0.  0.]
 [ 0.  0.  0.  0.  0.  0.  0.  0.  0.  0.  0.  0.  0.  0.]
 [ 0.  0.  0.  0.  0.  0.  0.  0.  0.  0.  0.  0.  0.  0.]
 [ 0.  1.  0.  0.  0.  0.  0.  0.  0.  0.  0.  0.  0.  0.]
 [ 0.  0.  0.  0.  0.  0.  0.  0.  0.  0.  0.  0.  0.  0.]
 [ 0.  0.  0.  0.  0.  0.  0.  0.  0.  0.  1.  0.  0.  0.]
 [ 0.  0.  0.  0.  1.  0.  0.  0.  0.  0.  0.  0.  0.  0.]
 [ 0.  0.  0.  0.  0.  0.  0.  0.  0.  0.  0.  0.  0.  0.]
 [ 0.  0.  0.  0.  0.  0.  0.  0.  0.  0.  0.  0.  0.  0.]
 [ 0.  0.  0.  0.  0.  0.  0.  0.  0.  0.  0.  0.  0.  0.]]
MovCompDir: 
[[-0. -0. -0. -0. -0. -0. -0. -0. -0. -0. -0. -0. -0. -0.]
 [-0. -0. -0. -0. -0. -0. -0. -0. -0. -0. -0. -0. -0. -0.]
 [ 0. -0. -0. -0. -0. -0. -0. -0. -0. -0. -0. -0. -0. -0.]
 [-0. -0. -0. -0. -0. -0. -0. -0.  0.  0. -0. -0. -0. -0.]
 [-0.  1. -0. -0. -0. -0. -0. -0. -0. -0. -0. -0. -0. -0.]
 [-0. -0.  0. -0. -0. -0. -0. -0. -0. -0. -0. -0. -0. -0.]
 [-0. -0. -0.  0. -0. -0. -0. -0. -0. -0.  1.  0. -0. -0.]
 [-0. -0. -0. -0.  1. -0. -0. -0. -0. -0. -0. -0. -0. -0.]
 [-0. -0. -0. -0. -0.  0. -0. -0. -0. -0. -0. -0. -0. -0.]
 [-0. -0. -0. -0. -0. -0.  0. -0. -0. -0. -0. -0.  0.  0.]
 [-0. -0. -0. -0. -0. -0. -0.  0. -0. -0. -0. -0. -0. -0.]]
MovCompInter: 
[[ 0.  0.  0.  0.  0.  0.  0.  0.  0.  0.  0.  0.  0.  0.]
 [ 0.  0.  0.  0.  0.  0.  0.  0.  0.  0.  0.  0.  0.  0.]
 [ 0.  0.  0.  0.  0.  0.  0.  0.  0.  0.  0.  0.  0.  0.]
 [ 0.  0.  0.  0.  0.  0.  0.  0.  0.  0.  0.  0.  0.  0.]
 [ 0.  1.  0.  0.  0.  0.  0.  0.  0.  0.  0.  0.  0.  0.]
 [ 0.  0.  0.  0.  0.  0.  0.  0.  0.  0.  0.  0.  0.  0.]
 [ 0.  0.  0.  0.  0.  0.  0.  0.  0.  0.  1.  0.  0.  0.]
 [ 0.  0.  0.  0.  1.  0.  0.  0.  0.  0.  0.  0.  0.  0.]
 [ 0.  0.  0.  0.  0.  0.  0.  0.  0.  0.  0.  0.  0.  0.]
 [ 0.  0.  0.  0.  0.  0.  0.  0.  0.  0.  0.  0.  0.  0.]
 [ 0.  0.  0.  0.  0.  0.  0.  0.  0.  0.  0.  0.  0.  0.]]
Mov[:,t]: 
[ 0.  1.  0.  0.  1.  0.  0.  0.  0.  0.  1.  0.  0.  0.]
MovSource[:,t]: 
[ 0.  4.  0.  0.  7.  0.  0.  0.  0.  0.  6.  0.  0.  0.]
Number of evacuees X[t]: [ 15.  29.   0.   0.   1.   1.   1.   6.   0.   6.   2.]
Number of evacuees X[t+1]: [ 15.  30.   0.   0.   1.   2.   0.   5.   0.   6.   2.]
number of evacuees 61.0

&&&&&&&&&&&&&&&&&&&&
Time Step: 14
&&&&&&&&&&&&&&&&&&&&&&

OK. Well Done!
OK. Well Done!
OK. Well Done!
OK. Well Done!
OK. Well Done!
OK. Well Done!
OK. Well Done!
OK. Well Done!
OK. Well Done!
OK. Well Done!
OK. Well Done!
OK. Well Done!
OK. Well Done!
OK. Well Done!
MovComp: 
[[ 0.  0.  0.  0.  0.  0.  0.  0.  0.  0.  0.  0.  0.  0.]
 [ 0.  0.  0.  0.  0.  0.  0.  0.  0.  0.  0.  0.  0.  0.]
 [ 0.  0.  0.  0.  0.  0.  0.  0.  0.  0.  0.  0.  0.  0.]
 [ 0.  0.  0.  0.  0.  0.  0.  0.  0.  0.  0.  0.  0.  0.]
 [ 0.  1.  0.  0.  0.  0.  0.  0.  0.  0.  0.  0.  0.  0.]
 [ 0.  0.  0.  0.  0.  0.  0.  0.  0.  0.  0.  0.  0.  0.]
 [ 0.  0.  0.  0.  0.  0.  0.  0.  0.  0.  0.  0.  0.  0.]
 [ 0.  0.  0.  0.  0.  0.  0.  0.  0.  0.  0.  0.  0.  0.]
 [ 0.  0.  0.  0.  0.  0.  0.  0.  0.  0.  0.  0.  0.  0.]
 [ 0.  0.  0.  0.  0.  0.  0.  0.  0.  0.  0.  0.  0.  0.]
 [ 0.  0.  0.  0.  0.  0.  0.  0.  0.  0.  0.  0.  0.  0.]]
MovCompDir: 
[[-0. -0. -0. -0. -0. -0. -0. -0. -0. -0. -0. -0. -0. -0.]
 [-0. -0. -0. -0. -0. -0. -0. -0. -0. -0. -0. -0. -0. -0.]
 [ 0. -0. -0. -0. -0. -0. -0. -0. -0. -0. -0. -0. -0. -0.]
 [-0. -0. -0. -0. -0. -0. -0. -0.  0.  0. -0. -0. -0. -0.]
 [-0.  1. -0. -0. -0. -0. -0. -0. -0. -0. -0. -0. -0. -0.]
 [-0. -0.  0. -0. -0. -0. -0. -0. -0. -0. -0. -0. -0. -0.]
 [-0. -0. -0.  0. -0. -0. -0. -0. -0. -0.  0.  0. -0. -0.]
 [-0. -0. -0. -0.  0. -0. -0. -0. -0. -0. -0. -0. -0. -0.]
 [-0. -0. -0. -0. -0.  0. -0. -0. -0. -0. -0. -0. -0. -0.]
 [-0. -0. -0. -0. -0. -0.  0. -0. -0. -0. -0. -0.  0.  0.]
 [-0. -0. -0. -0. -0. -0. -0.  0. -0. -0. -0. -0. -0. -0.]]
MovCompInter: 
[[ 0.  0.  0.  0.  0.  0.  0.  0.  0.  0.  0.  0.  0.  0.]
 [ 0.  0.  0.  0.  0.  0.  0.  0.  0.  0.  0.  0.  0.  0.]
 [ 0.  0.  0.  0.  0.  0.  0.  0.  0.  0.  0.  0.  0.  0.]
 [ 0.  0.  0.  0.  0.  0.  0.  0.  0.  0.  0.  0.  0.  0.]
 [ 0.  1.  0.  0.  0.  0.  0.  0.  0.  0.  0.  0.  0.  0.]
 [ 0.  0.  0.  0.  0.  0.  0.  0.  0.  0.  0.  0.  0.  0.]
 [ 0.  0.  0.  0.  0.  0.  0.  0.  0.  0.  0.  0.  0.  0.]
 [ 0.  0.  0.  0.  0.  0.  0.  0.  0.  0.  0.  0.  0.  0.]
 [ 0.  0.  0.  0.  0.  0.  0.  0.  0.  0.  0.  0.  0.  0.]
 [ 0.  0.  0.  0.  0.  0.  0.  0.  0.  0.  0.  0.  0.  0.]
 [ 0.  0.  0.  0.  0.  0.  0.  0.  0.  0.  0.  0.  0.  0.]]
Mov[:,t]: 
[ 0.  1.  0.  0.  0.  0.  0.  0.  0.  0.  0.  0.  0.  0.]
MovSource[:,t]: 
[ 0.  4.  0.  0.  0.  0.  0.  0.  0.  0.  0.  0.  0.  0.]
Number of evacuees X[t]: [ 15.  30.   0.   0.   1.   2.   0.   5.   0.   6.   2.]
Number of evacuees X[t+1]: [ 15.  31.   0.   0.   0.   2.   0.   5.   0.   6.   2.]
number of evacuees 61.0
